step,x,y,mu,vx,vy,omega,lidar_l,lidar_c,lidar_r,throttle,steering,reward
0,1.692599,-1.023618,-1.368493,0.000000,0.000000,0.000000,0.600000,0.440000,0.320000,0.100000,-0.700000,0.000000
1,1.692599,-1.023618,-1.368493,0.007000,0.000000,0.000000,0.600000,0.440000,0.320000,0.100000,-0.700000,0.007000
2,1.692613,-1.023687,-1.368493,0.014000,0.000000,0.000000,0.600000,0.440000,0.320000,0.100000,-0.700000,0.014000
3,1.692641,-1.023824,-1.368493,0.014817,-0.007341,-0.313982,0.600000,0.440000,0.320000,0.100000,-0.700000,0.014817
4,1.692599,-1.023984,-1.371633,0.024408,-0.009728,0.083227,0.600000,0.440000,0.320000,0.100000,-0.700000,0.024408
5,1.692552,-1.024242,-1.370800,0.026057,-0.008446,-0.560179,0.600000,0.440000,0.320000,0.100000,-0.700000,0.026057
6,1.692521,-1.024514,-1.376402,0.034258,-0.014154,-0.149962,0.600000,0.440000,0.340000,0.100000,-0.700000,0.034258
7,1.692448,-1.024878,-1.377902,0.037723,-0.011974,-0.639619,0.600000,0.440000,0.340000,0.100000,-0.700000,0.037723
8,1.692403,-1.025271,-1.384298,0.044406,-0.018238,-0.365751,0.600000,0.440000,0.340000,0.100000,-0.700000,0.044406
9,1.692306,-1.025741,-1.387955,0.049130,-0.016659,-0.689018,0.600000,0.440000,0.340000,0.100000,-0.700000,0.049130
10,1.692232,-1.026255,-1.394846,0.055077,-0.021536,-0.561969,0.600000,0.440000,0.340000,0.100000,-0.700000,0.055077
11,1.692116,-1.026835,-1.400465,0.060305,-0.021652,-0.746683,0.600000,0.440000,0.340000,0.100000,-0.700000,0.060305
12,1.692005,-1.027466,-1.407932,0.065957,-0.024661,-0.742174,0.600000,0.440000,0.340000,0.100000,-0.700000,0.065957
13,1.691869,-1.028156,-1.415354,0.071410,-0.026137,-0.834284,0.640000,0.440000,0.340000,0.100000,-0.700000,0.071410
14,1.691721,-1.028902,-1.423697,0.076954,-0.028194,-0.886792,0.640000,0.440000,0.340000,0.100000,-0.700000,0.076954
15,1.691555,-1.029705,-1.432565,0.082479,-0.030036,-0.951273,0.640000,0.440000,0.340000,0.100000,-0.700000,0.082479
16,1.691371,-1.030563,-1.442077,0.088015,-0.031890,-1.012736,0.640000,0.420000,0.340000,0.100000,-0.700000,0.088015
17,1.691168,-1.031477,-1.452205,0.093556,-0.033707,-1.074267,0.640000,0.420000,0.340000,0.100000,-0.700000,0.093556
18,1.690944,-1.032446,-1.462947,0.099102,-0.035493,-1.135428,0.640000,0.440000,0.340000,0.100000,-0.700000,0.099102
19,1.690697,-1.033469,-1.474302,0.104655,-0.037245,-1.196229,0.640000,0.460000,0.340000,0.100000,-0.700000,0.104655
20,1.690428,-1.034547,-1.486264,0.110212,-0.038961,-1.256645,0.640000,0.460000,0.340000,0.100000,-0.700000,0.110212
21,1.690132,-1.035678,-1.498830,0.115775,-0.040639,-1.316654,0.640000,0.460000,0.320000,0.100000,-0.700000,0.115775
22,1.689810,-1.036862,-1.511997,0.121342,-0.042277,-1.376234,0.640000,0.460000,0.340000,0.100000,-0.700000,0.121342
23,1.689460,-1.038098,-1.525759,0.126913,-0.043874,-1.435361,0.700000,0.460000,0.340000,0.100000,-0.700000,0.126913
24,1.689078,-1.039386,-1.540113,0.132489,-0.045428,-1.494010,0.700000,0.460000,0.360000,0.100000,-0.600000,0.132489
25,1.688665,-1.040724,-1.555053,0.139995,-0.044693,-1.456259,0.700000,0.540000,0.380000,0.100000,-0.600000,0.139995
26,1.688240,-1.042131,-1.569616,0.146873,-0.044601,-1.464593,0.700000,0.540000,0.380000,0.100000,-0.600000,0.146873
27,1.687796,-1.043600,-1.584261,0.153406,-0.044950,-1.492370,0.700000,0.540000,0.400000,0.100000,-0.600000,0.153406
28,1.687326,-1.045128,-1.599185,0.159738,-0.045569,-1.529514,0.700000,0.540000,0.400000,0.100000,-0.600000,0.159738
29,1.686825,-1.046712,-1.614480,0.165947,-0.046342,-1.571592,0.700000,0.540000,0.400000,0.100000,-0.600000,0.165947
30,1.686289,-1.048349,-1.630196,0.172076,-0.047198,-1.616391,0.700000,0.540000,0.380000,0.100000,-0.600000,0.172076
31,1.685716,-1.050039,-1.646360,0.178153,-0.048089,-1.662694,0.720000,0.540000,0.380000,0.100000,-0.600000,0.178153
32,1.685102,-1.051779,-1.662987,0.184192,-0.048985,-1.709782,0.720000,0.540000,0.380000,0.100000,-0.600000,0.184192
33,1.684445,-1.053568,-1.680085,0.190205,-0.049866,-1.757206,0.760000,0.540000,0.400000,0.100000,-0.600000,0.190205
34,1.683742,-1.055405,-1.697657,0.196195,-0.050719,-1.804673,0.780000,0.520000,0.420000,0.000000,-0.600000,0.196195
35,1.682990,-1.057287,-1.715704,0.195167,-0.051534,-1.851986,0.780000,0.580000,0.420000,0.000000,-0.500000,0.195167
36,1.682199,-1.059143,-1.734224,0.196037,-0.049720,-1.777916,0.780000,0.580000,0.400000,0.000000,-0.500000,0.196037
37,1.681389,-1.060997,-1.752003,0.196574,-0.048404,-1.729831,0.780000,0.580000,0.400000,0.000000,-0.500000,0.196574
38,1.680559,-1.062843,-1.769301,0.196887,-0.047449,-1.698064,0.800000,0.620000,0.400000,0.000000,-0.500000,0.196887
39,1.679705,-1.064680,-1.786282,0.197047,-0.046755,-1.676646,0.800000,0.620000,0.440000,0.000000,-0.500000,0.197047
40,1.678827,-1.066505,-1.803048,0.197103,-0.046248,-1.661881,0.800000,0.620000,0.440000,0.000000,-0.500000,0.197103
41,1.677923,-1.068316,-1.819667,0.197085,-0.045878,-1.651457,0.820000,0.620000,0.440000,-0.200000,-0.500000,0.197085
42,1.676993,-1.070113,-1.836182,0.183018,-0.045605,-1.643903,0.820000,0.620000,0.440000,-0.200000,-0.500000,0.183018
43,1.676073,-1.071760,-1.852621,0.169340,-0.044966,-1.599695,0.840000,0.620000,0.440000,-0.200000,-0.500000,0.169340
44,1.675170,-1.073261,-1.868618,0.155978,-0.043958,-1.529987,0.880000,0.660000,0.440000,-0.400000,-0.400000,0.155978
45,1.674292,-1.074624,-1.883917,0.129976,-0.039850,-1.326872,0.900000,0.660000,0.520000,-0.400000,-0.300000,0.129976
46,1.673513,-1.075737,-1.897186,0.104343,-0.033205,-1.022238,0.900000,0.660000,0.500000,-0.400000,-0.400000,0.104343
47,1.672864,-1.076619,-1.907408,0.078280,-0.028533,-0.852174,0.920000,0.660000,0.500000,-0.400000,-0.400000,0.078280
48,1.672336,-1.077264,-1.915930,0.052612,-0.022743,-0.649524,0.920000,0.660000,0.500000,-0.400000,-0.400000,0.052612
49,1.671944,-1.077682,-1.922425,0.027356,-0.015414,-0.428201,0.920000,0.660000,0.500000,-0.400000,-0.400000,0.027356
50,1.671705,-1.077886,-1.926707,0.002602,-0.006193,-0.183416,0.920000,0.660000,0.500000,-0.400000,-0.400000,0.002602
51,1.671638,-1.077889,-1.928542,-0.025387,-0.006189,-0.183416,0.920000,0.660000,0.500000,-0.400000,-0.400000,-0.025387
52,1.671669,-1.077629,-1.930376,-0.053376,-0.006235,-0.183416,0.920000,0.680000,0.500000,-0.400000,-0.400000,-0.053376
53,1.671798,-1.077108,-1.932210,-0.081364,-0.006333,-0.183416,0.940000,0.680000,0.500000,-0.600000,-0.400000,-0.081364
54,1.672027,-1.076324,-1.934044,-0.123353,-0.006482,-0.183416,0.940000,0.680000,0.500000,-0.600000,-0.400000,-0.123353
55,1.672404,-1.075148,-1.935878,-0.165343,-0.006708,-0.183416,0.940000,0.680000,0.500000,-0.600000,-0.400000,-0.165343
56,1.672932,-1.073580,-1.937712,-0.207333,-0.007012,-0.183416,0.940000,0.680000,0.520000,-0.600000,-0.300000,-0.207333
57,1.673610,-1.071619,-1.939547,-0.249324,-0.007392,-0.183416,0.940000,0.680000,0.520000,-0.600000,-0.300000,-0.249324
58,1.674440,-1.069267,-1.941381,-0.291315,-0.007849,-0.183416,0.940000,0.680000,0.520000,-0.600000,-0.300000,-0.291315
59,1.675422,-1.066523,-1.943215,-0.333308,-0.008384,-0.183416,0.960000,0.680000,0.520000,-0.600000,-0.300000,-0.333308
60,1.676557,-1.063388,-1.945049,-0.375302,-0.008995,-0.183416,0.960000,0.680000,0.520000,-0.600000,-0.300000,-0.375302
61,1.677845,-1.059862,-1.946883,-0.417298,-0.009683,-0.183416,0.960000,0.680000,0.520000,-0.600000,-0.300000,-0.417298
62,1.679288,-1.055945,-1.948717,-0.459295,-0.010449,-0.183416,0.960000,0.700000,0.520000,-0.600000,-0.300000,-0.459295
63,1.680885,-1.051638,-1.950552,-0.501294,-0.011291,-0.183416,0.980000,0.700000,0.520000,-0.600000,-0.300000,-0.501294
64,1.682639,-1.046940,-1.952386,-0.543294,-0.012211,-0.183416,0.980000,0.700000,0.540000,-0.600000,-0.300000,-0.543294
65,1.684549,-1.041852,-1.954220,-0.585297,-0.013207,-0.183416,0.980000,0.700000,0.540000,-0.600000,-0.300000,-0.585297
66,1.686616,-1.036375,-1.956054,-0.627302,-0.014281,-0.183416,1.000000,0.720000,0.540000,-0.600000,-0.300000,-0.627302
67,1.688841,-1.030508,-1.957888,-0.669310,-0.015431,-0.183416,1.000000,0.720000,0.540000,-0.600000,-0.300000,-0.669310
68,1.691224,-1.024252,-1.959722,-0.711320,-0.016659,-0.183416,1.000000,0.720000,0.560000,-0.600000,-0.200000,-0.711320
69,1.693768,-1.017607,-1.961557,-0.753332,-0.017964,-0.183416,1.000000,0.740000,0.560000,-0.600000,-0.200000,-0.753332
70,1.696471,-1.010573,-1.963391,-0.795348,-0.019345,-0.183416,1.000000,0.740000,0.560000,-0.600000,-0.200000,-0.795348
71,1.699335,-1.003150,-1.965225,-0.837366,-0.020804,-0.183416,1.000000,0.740000,0.560000,-0.600000,-0.200000,-0.837366
72,1.702361,-0.995340,-1.967059,-0.879388,-0.022340,-0.183416,1.000000,0.760000,0.580000,-0.600000,-0.200000,-0.879388
73,1.705549,-0.987141,-1.968893,-0.921413,-0.023953,-0.183416,1.000000,0.760000,0.580000,-0.600000,-0.200000,-0.921413
74,1.708900,-0.978555,-1.970727,-0.963442,-0.025643,-0.183416,1.000000,0.760000,0.580000,-0.600000,-0.200000,-0.963442
75,1.712415,-0.969581,-1.972562,-1.005474,-0.027410,-0.183416,1.000000,0.780000,0.600000,-0.500000,-0.200000,-1.005474
76,1.716095,-0.960219,-1.974396,-1.040510,-0.029254,-0.183416,1.000000,0.780000,0.600000,-0.500000,-0.200000,-1.040510
77,1.719912,-0.950535,-1.976230,-1.075549,-0.031163,-0.183416,0.380000,0.800000,0.620000,0.100000,-0.100000,-1.075549
78,1.723868,-0.940529,-1.978064,-1.068590,-0.033135,-0.183416,0.380000,0.800000,0.620000,0.100000,-0.100000,-1.068590
79,1.727796,-0.930586,-1.979898,-1.061627,-0.035095,-0.183416,0.400000,0.820000,0.620000,0.200000,-0.100000,-1.061627
80,1.731697,-0.920706,-1.981732,-1.047659,-0.037043,-0.183416,0.400000,0.820000,0.640000,0.200000,-0.100000,-1.047659
81,1.735543,-0.910954,-1.983567,-1.033684,-0.038964,-0.183416,0.400000,0.840000,0.640000,0.200000,-0.100000,-1.033684
82,1.739332,-0.901329,-1.985401,-1.019704,-0.040860,-0.183416,0.400000,0.840000,0.660000,0.200000,-0.100000,-1.019704
83,1.743066,-0.891831,-1.987235,-1.005718,-0.042730,-0.183416,0.340000,0.840000,0.660000,0.200000,-0.100000,-1.005718
84,1.746744,-0.882460,-1.989069,-0.991726,-0.044575,-0.183416,0.400000,0.860000,0.660000,0.200000,-0.100000,-0.991726
85,1.750364,-0.873217,-1.990903,-0.977728,-0.046394,-0.183416,0.360000,0.860000,0.680000,0.200000,-0.100000,-0.977728
86,1.753929,-0.864101,-1.992737,-0.963725,-0.048187,-0.183416,0.360000,0.880000,0.680000,0.200000,0.000000,-0.963725
87,1.757436,-0.855111,-1.994571,-0.949716,-0.049955,-0.183416,0.360000,0.880000,0.600000,0.200000,0.000000,-0.949716
88,1.760886,-0.846249,-1.996406,-0.935701,-0.051697,-0.183416,0.360000,0.940000,0.620000,0.300000,0.000000,-0.935701
89,1.764278,-0.837513,-1.998240,-0.914681,-0.053413,-0.183416,0.360000,0.940000,0.620000,0.300000,0.000000,-0.914681
90,1.767584,-0.828968,-2.000074,-0.893654,-0.055091,-0.183416,0.380000,0.960000,0.620000,0.300000,0.000000,-0.893654
91,1.770802,-0.820613,-2.001908,-0.872621,-0.056730,-0.183416,0.380000,0.960000,0.640000,0.300000,0.000000,-0.872621
92,1.773934,-0.812448,-2.003742,-0.851582,-0.058330,-0.183416,0.320000,0.960000,0.640000,0.300000,0.000000,-0.851582
93,1.776977,-0.804473,-2.005576,-0.830537,-0.059892,-0.183416,0.320000,0.980000,0.640000,0.300000,0.100000,-0.830537
94,1.779932,-0.796688,-2.007411,-0.809486,-0.061416,-0.183416,0.320000,0.980000,0.660000,0.300000,0.100000,-0.809486
95,1.782798,-0.789093,-2.009245,-0.788430,-0.062900,-0.183416,0.320000,1.000000,0.660000,0.300000,0.100000,-0.788430
96,1.785576,-0.781688,-2.011079,-0.767367,-0.064347,-0.183416,0.340000,1.000000,0.660000,0.300000,0.100000,-0.767367
97,1.788265,-0.774472,-2.012913,-0.746300,-0.065754,-0.183416,0.340000,1.000000,0.680000,0.300000,0.100000,-0.746300
98,1.790863,-0.767445,-2.014747,-0.725227,-0.067123,-0.183416,0.340000,1.000000,0.680000,0.300000,0.100000,-0.725227
99,1.793372,-0.760607,-2.016581,-0.704148,-0.068453,-0.183416,0.340000,1.000000,0.680000,0.300000,0.100000,-0.704148
100,1.795790,-0.753959,-2.018416,-0.683065,-0.069745,-0.183416,0.340000,1.000000,0.700000,0.300000,0.100000,-0.683065
101,1.798118,-0.747499,-2.020250,-0.661977,-0.070997,-0.183416,0.340000,1.000000,0.700000,0.300000,0.100000,-0.661977
102,1.800355,-0.741228,-2.022084,-0.640884,-0.072212,-0.183416,0.340000,1.000000,0.700000,0.300000,0.100000,-0.640884
103,1.802500,-0.735146,-2.023918,-0.619787,-0.073387,-0.183416,0.340000,1.000000,0.700000,0.300000,0.100000,-0.619787
104,1.804554,-0.729253,-2.025752,-0.598685,-0.074524,-0.183416,0.340000,1.000000,0.720000,0.300000,0.100000,-0.598685
105,1.806515,-0.723547,-2.027586,-0.577579,-0.075622,-0.183416,0.340000,1.000000,0.720000,0.300000,0.100000,-0.577579
106,1.808384,-0.718030,-2.029421,-0.556469,-0.076681,-0.183416,0.360000,1.000000,0.720000,0.300000,0.100000,-0.556469
107,1.810160,-0.712701,-2.031255,-0.535354,-0.077702,-0.183416,0.360000,1.000000,0.720000,0.300000,0.100000,-0.535354
108,1.811842,-0.707560,-2.033089,-0.514236,-0.078684,-0.183416,0.360000,1.000000,0.720000,0.300000,0.100000,-0.514236
109,1.813432,-0.702606,-2.034923,-0.493115,-0.079627,-0.183416,0.360000,1.000000,0.740000,0.300000,0.100000,-0.493115
110,1.814927,-0.697840,-2.036757,-0.471989,-0.080532,-0.183416,0.360000,1.000000,0.740000,0.300000,0.100000,-0.471989
111,1.816328,-0.693262,-2.038591,-0.450861,-0.081397,-0.183416,0.300000,1.000000,0.740000,0.300000,0.100000,-0.450861
112,1.817635,-0.688870,-2.040426,-0.429729,-0.082224,-0.183416,0.300000,1.000000,0.740000,0.300000,0.100000,-0.429729
113,1.818846,-0.684666,-2.042260,-0.408594,-0.083012,-0.183416,0.300000,1.000000,0.740000,0.300000,0.100000,-0.408594
114,1.819962,-0.680649,-2.044094,-0.387456,-0.083762,-0.183416,0.300000,1.000000,0.760000,0.300000,0.100000,-0.387456
115,1.820983,-0.676819,-2.045928,-0.366315,-0.084472,-0.183416,0.300000,1.000000,0.760000,0.300000,0.100000,-0.366315
116,1.821908,-0.673175,-2.047762,-0.345171,-0.085144,-0.183416,0.300000,1.000000,0.760000,0.300000,0.100000,-0.345171
117,1.822736,-0.669717,-2.049596,-0.324025,-0.085777,-0.183416,0.300000,1.000000,0.840000,0.300000,0.200000,-0.324025
118,1.823467,-0.666446,-2.051431,-0.302877,-0.086372,-0.183416,0.300000,1.000000,0.840000,0.300000,0.200000,-0.302877
119,1.824102,-0.663361,-2.053265,-0.281726,-0.086927,-0.183416,0.300000,1.000000,0.840000,0.300000,0.200000,-0.281726
120,1.824639,-0.660462,-2.055099,-0.260574,-0.087444,-0.183416,0.300000,1.000000,0.840000,0.300000,0.200000,-0.260574
121,1.825078,-0.657749,-2.056933,-0.239419,-0.087922,-0.183416,0.300000,1.000000,0.860000,0.300000,0.200000,-0.239419
122,1.825419,-0.655222,-2.058767,-0.218263,-0.088361,-0.183416,0.300000,1.000000,0.860000,0.300000,0.200000,-0.218263
123,1.825662,-0.652880,-2.060601,-0.197105,-0.088761,-0.183416,0.300000,1.000000,0.860000,0.300000,0.200000,-0.197105
124,1.825806,-0.650723,-2.062436,-0.175945,-0.089123,-0.183416,0.300000,1.000000,0.860000,0.300000,0.200000,-0.175945
125,1.825851,-0.648751,-2.064270,-0.154784,-0.089446,-0.183416,0.300000,1.000000,0.860000,0.300000,0.200000,-0.154784
126,1.825797,-0.646964,-2.066104,-0.133622,-0.089730,-0.183416,0.300000,1.000000,0.860000,0.300000,0.200000,-0.133622
127,1.825642,-0.645362,-2.067938,-0.112459,-0.089975,-0.183416,0.300000,1.000000,0.860000,0.300000,0.200000,-0.112459
128,1.825388,-0.643944,-2.069772,-0.091295,-0.090181,-0.183416,0.300000,1.000000,0.860000,0.300000,0.200000,-0.091295
129,1.825033,-0.642711,-2.071606,-0.070131,-0.090348,-0.183416,0.300000,1.000000,0.860000,0.300000,0.200000,-0.070131
130,1.824577,-0.641662,-2.073440,-0.048965,-0.090477,-0.183416,0.300000,1.000000,0.860000,0.300000,0.200000,-0.048965
131,1.824020,-0.640797,-2.075275,-0.027800,-0.090567,-0.183416,0.300000,1.000000,0.860000,0.300000,0.200000,-0.027800
132,1.823362,-0.640116,-2.077109,-0.006634,-0.090618,-0.183416,0.300000,1.000000,0.860000,0.300000,0.200000,-0.006634
133,1.822601,-0.639619,-2.078943,0.014533,-0.090630,-0.183416,0.300000,1.000000,0.860000,0.300000,0.200000,0.014533
134,1.821739,-0.639305,-2.080777,0.033708,-0.072913,-0.146428,0.300000,1.000000,0.860000,0.300000,0.200000,0.033708
135,1.820938,-0.639243,-2.082241,0.052823,-0.055104,-0.112513,0.300000,1.000000,0.860000,0.300000,0.200000,0.052823
136,1.820199,-0.639434,-2.083367,0.071907,-0.037322,-0.082681,0.300000,1.000000,0.860000,0.300000,0.200000,0.071907
137,1.819521,-0.639877,-2.084193,0.091028,-0.020272,-0.048569,0.300000,1.000000,0.860000,0.300000,0.200000,0.091028
138,1.818897,-0.640571,-2.084679,0.110351,-0.006406,0.039422,0.300000,1.000000,0.860000,0.300000,0.200000,0.110351
139,1.818299,-0.641500,-2.084285,0.130092,0.002055,0.191860,0.300000,1.000000,0.860000,0.300000,0.200000,0.130092
140,1.817678,-0.642643,-2.082366,0.150283,0.006928,0.308816,0.300000,1.000000,0.860000,0.300000,0.200000,0.150283
141,1.817003,-0.643988,-2.079278,0.170737,0.009990,0.391892,0.300000,1.000000,0.860000,0.300000,0.200000,0.170737
142,1.816259,-0.645528,-2.075359,0.191318,0.012159,0.459439,0.300000,1.000000,0.860000,0.300000,0.200000,0.191318
143,1.815440,-0.647261,-2.070765,0.211961,0.013837,0.519732,0.300000,1.000000,0.860000,0.300000,0.200000,0.211961
144,1.814545,-0.649188,-2.065567,0.232638,0.015199,0.576237,0.300000,1.000000,0.860000,0.300000,0.200000,0.232638
145,1.813575,-0.651307,-2.059805,0.253335,0.016326,0.630518,0.300000,1.000000,0.860000,0.300000,0.200000,0.253335
146,1.812529,-0.653621,-2.053500,0.274042,0.017256,0.683340,0.300000,1.000000,0.860000,0.300000,0.200000,0.274042
147,1.811409,-0.656128,-2.046666,0.294757,0.018004,0.735096,0.300000,1.000000,0.860000,0.300000,0.200000,0.294757
148,1.810219,-0.658831,-2.039316,0.315473,0.018576,0.785996,0.300000,1.000000,0.840000,0.300000,0.200000,0.315473
149,1.808960,-0.661729,-2.031456,0.336189,0.018970,0.836154,0.300000,1.000000,0.760000,0.300000,0.100000,0.336189
150,1.807636,-0.664825,-2.023094,0.357424,0.016176,0.756945,0.300000,1.000000,0.760000,0.300000,0.100000,0.357424
151,1.806219,-0.668111,-2.015525,0.378555,0.014117,0.707800,0.300000,1.000000,0.760000,0.300000,0.100000,0.378555
152,1.804718,-0.671589,-2.008447,0.399616,0.012539,0.678831,0.300000,1.000000,0.760000,0.300000,0.100000,0.399616
153,1.803138,-0.675261,-2.001658,0.420627,0.011270,0.663637,0.300000,1.000000,0.760000,0.300000,0.100000,0.420627
154,1.801484,-0.679130,-1.995022,0.441601,0.010189,0.658023,0.300000,1.000000,0.740000,0.300000,0.100000,0.441601
155,1.799759,-0.683197,-1.988442,0.462548,0.009212,0.659189,0.360000,1.000000,0.740000,0.300000,0.100000,0.462548
156,1.797967,-0.687462,-1.981850,0.483470,0.008278,0.665222,0.360000,1.000000,0.740000,0.300000,0.100000,0.483470
157,1.796111,-0.691927,-1.975198,0.504373,0.007344,0.674784,0.360000,1.000000,0.740000,0.300000,0.100000,0.504373
158,1.794194,-0.696593,-1.968450,0.525258,0.006377,0.686926,0.360000,1.000000,0.700000,0.300000,0.100000,0.525258
159,1.792219,-0.701460,-1.961580,0.546125,0.005352,0.700957,0.360000,1.000000,0.680000,0.300000,0.100000,0.546125
160,1.790188,-0.706530,-1.954571,0.566974,0.004250,0.716370,0.360000,1.000000,0.680000,0.300000,0.100000,0.566974
161,1.788104,-0.711803,-1.947407,0.587806,0.003054,0.732783,0.360000,0.980000,0.680000,0.300000,0.100000,0.587806
162,1.785971,-0.717281,-1.940079,0.608620,0.001754,0.749908,0.360000,0.980000,0.680000,0.300000,0.100000,0.608620
163,1.783791,-0.722963,-1.932580,0.629414,0.000340,0.767523,0.360000,0.980000,0.680000,0.300000,0.100000,0.629414
164,1.781566,-0.728851,-1.924905,0.650187,-0.001198,0.785454,0.360000,0.960000,0.660000,0.300000,0.100000,0.650187
165,1.779300,-0.734945,-1.917050,0.670938,-0.002866,0.803566,0.360000,0.960000,0.660000,0.300000,0.100000,0.670938
166,1.776996,-0.741247,-1.909015,0.691665,-0.004670,0.821751,0.360000,0.960000,0.660000,0.300000,0.100000,0.691665
167,1.774657,-0.747756,-1.900797,0.712366,-0.006615,0.839922,0.360000,0.940000,0.660000,0.300000,0.100000,0.712366
168,1.772286,-0.754474,-1.892398,0.733039,-0.008705,0.858008,0.420000,0.940000,0.640000,0.300000,0.000000,0.733039
169,1.769887,-0.761401,-1.883818,0.753919,-0.013980,0.746135,0.420000,0.920000,0.640000,0.200000,0.000000,0.753919
170,1.767432,-0.768531,-1.876357,0.767766,-0.018199,0.648910,0.420000,0.920000,0.600000,0.200000,0.000000,0.767766
171,1.764949,-0.775798,-1.869868,0.781597,-0.021473,0.563468,0.420000,0.900000,0.600000,0.200000,0.000000,0.781597
172,1.762441,-0.783204,-1.864233,0.795424,-0.023950,0.488331,0.500000,0.860000,0.580000,0.200000,-0.100000,0.795424
173,1.759911,-0.790749,-1.859350,0.808989,-0.028771,0.293367,0.500000,0.860000,0.580000,0.200000,-0.100000,0.808989
174,1.757333,-0.798422,-1.856416,0.822622,-0.031809,0.118511,1.000000,0.840000,0.580000,-0.300000,-0.100000,0.822622
175,1.754710,-0.806225,-1.855231,0.801327,-0.033307,-0.038013,0.480000,0.840000,0.580000,0.200000,-0.100000,0.801327
176,1.752142,-0.813823,-1.855611,0.815110,-0.033390,-0.178365,0.480000,0.840000,0.600000,0.200000,-0.100000,0.815110
177,1.749531,-0.821552,-1.857395,0.828951,-0.032400,-0.303029,1.000000,0.820000,0.600000,-0.400000,-0.100000,0.828951
178,1.746877,-0.829412,-1.860425,0.800836,-0.030508,-0.413676,1.000000,0.820000,0.580000,-0.400000,-0.100000,0.800836
179,1.744297,-0.837000,-1.864562,0.772763,-0.027914,-0.510149,0.460000,0.860000,0.580000,0.200000,-0.100000,0.772763
180,1.741792,-0.844315,-1.869663,0.786717,-0.024854,-0.592696,1.000000,0.860000,0.580000,-0.400000,-0.100000,0.786717
181,1.739238,-0.851761,-1.875590,0.758668,-0.021388,-0.664947,1.000000,0.840000,0.560000,-0.400000,-0.100000,0.758668
182,1.736758,-0.858933,-1.882240,0.730619,-0.017790,-0.724548,0.440000,0.840000,0.560000,0.200000,-0.100000,0.730619
183,1.734349,-0.865834,-1.889485,0.744558,-0.014220,-0.772060,0.440000,0.840000,0.560000,0.200000,-0.100000,0.744558
184,1.731882,-0.872860,-1.897206,0.758464,-0.010544,-0.813415,1.000000,0.840000,0.600000,-0.400000,-0.100000,0.758464
185,1.729350,-0.880010,-1.905340,0.730332,-0.006787,-0.849552,0.420000,0.840000,0.580000,0.200000,-0.100000,0.730332
186,1.726888,-0.886886,-1.913835,0.744170,-0.003311,-0.875703,0.420000,0.820000,0.580000,0.200000,-0.100000,0.744170
187,1.724353,-0.893883,-1.922592,0.757964,0.000168,-0.898869,0.420000,0.820000,0.580000,0.200000,-0.100000,0.757964
188,1.721743,-0.900999,-1.931581,0.771713,0.003649,-0.919536,0.400000,0.820000,0.560000,0.200000,-0.100000,0.771713
189,1.719053,-0.908232,-1.940776,0.785415,0.007130,-0.938106,0.400000,0.820000,0.560000,0.200000,-0.100000,0.785415
190,1.716280,-0.915581,-1.950157,0.799070,0.010614,-0.954909,0.400000,0.820000,0.640000,0.200000,-0.100000,0.799070
191,1.713419,-0.923043,-1.959707,0.812676,0.014103,-0.970220,0.380000,0.820000,0.640000,0.200000,-0.100000,0.812676
192,1.710468,-0.930616,-1.969409,0.826233,0.017599,-0.984263,0.380000,0.800000,0.620000,0.100000,-0.100000,0.826233
193,1.707423,-0.938299,-1.979251,0.832740,0.021104,-0.997225,0.360000,0.800000,0.620000,0.100000,-0.100000,0.832740
194,1.704309,-0.946025,-1.989224,0.839198,0.024539,-1.008343,0.360000,0.840000,0.620000,0.200000,-0.100000,0.839198
195,1.701124,-0.953793,-1.999307,0.852608,0.027900,-1.017887,0.360000,0.840000,0.600000,0.200000,-0.100000,0.852608
196,1.697835,-0.961664,-2.009486,0.865969,0.031275,-1.027001,0.340000,0.840000,0.600000,0.200000,-0.100000,0.865969
197,1.694440,-0.969637,-2.019756,0.879280,0.034668,-1.035739,0.340000,0.840000,0.600000,0.200000,-0.100000,0.879280
198,1.690936,-0.977709,-2.030113,0.892542,0.038086,-1.044147,0.340000,0.840000,0.600000,0.200000,-0.100000,0.892542
199,1.687320,-0.985878,-2.040555,0.905754,0.041533,-1.052259,0.320000,0.840000,0.580000,0.200000,-0.100000,0.905754
200,1.683590,-0.994142,-2.051077,0.918915,0.045012,-1.060104,0.320000,0.820000,0.620000,0.200000,-0.100000,0.918915
201,1.679744,-1.002500,-2.061678,0.932025,0.048528,-1.067707,0.320000,0.820000,0.620000,0.200000,-0.100000,0.932025
202,1.675778,-1.010948,-2.072355,0.945083,0.052084,-1.075086,0.300000,0.820000,0.600000,0.200000,-0.100000,0.945083
203,1.671691,-1.019485,-2.083106,0.958088,0.055682,-1.082257,0.300000,0.820000,0.640000,0.200000,-0.100000,0.958088
204,1.667480,-1.028109,-2.093929,0.971041,0.059326,-1.089233,0.280000,0.820000,0.640000,0.200000,-0.100000,0.971041
205,1.663143,-1.036817,-2.104821,0.983939,0.063019,-1.096023,0.280000,0.820000,0.640000,0.200000,-0.100000,0.983939
206,1.658677,-1.045607,-2.115781,0.996782,0.066761,-1.102637,0.280000,0.800000,0.620000,0.100000,-0.100000,0.996782
207,1.654080,-1.054477,-2.126808,1.002570,0.070557,-1.109082,0.260000,0.800000,0.620000,0.100000,-0.100000,1.002570
208,1.649388,-1.063365,-2.137899,1.008302,0.074302,-1.114668,0.260000,0.800000,0.620000,0.100000,-0.100000,1.008302
209,1.644598,-1.072269,-2.149045,1.013978,0.077996,-1.119501,0.260000,0.800000,0.600000,0.100000,-0.200000,1.013978
210,1.639709,-1.081187,-2.160240,1.018771,0.079639,-1.209087,0.240000,0.800000,0.600000,0.100000,-0.200000,1.018771
211,1.634708,-1.090098,-2.172331,1.023478,0.082164,-1.292769,0.240000,0.800000,0.640000,0.100000,-0.100000,1.023478
212,1.629593,-1.099001,-2.185259,1.028913,0.087492,-1.284772,0.240000,0.800000,0.640000,0.100000,-0.100000,1.028913
213,1.624376,-1.107912,-2.198107,1.034272,0.092574,-1.276954,0.220000,0.840000,0.620000,0.200000,-0.100000,1.034272
214,1.619055,-1.116829,-2.210876,1.046561,0.097427,-1.269352,0.220000,0.840000,0.620000,0.200000,-0.100000,1.046561
215,1.613586,-1.125805,-2.223570,1.058783,0.102187,-1.262647,0.220000,0.840000,0.620000,0.200000,-0.100000,1.058783
216,1.607967,-1.134837,-2.236196,1.070940,0.106872,-1.256758,0.200000,0.840000,0.620000,0.200000,-0.100000,1.070940
217,1.602196,-1.143921,-2.248764,1.083033,0.111496,-1.251613,0.200000,0.840000,0.600000,0.200000,-0.100000,1.083033
218,1.596271,-1.153056,-2.261280,1.095062,0.116072,-1.247144,0.200000,0.840000,0.600000,0.200000,-0.100000,1.095062
219,1.590191,-1.162237,-2.273751,1.107030,0.120613,-1.243292,0.180000,0.840000,0.600000,0.200000,-0.100000,1.107030
220,1.583955,-1.171463,-2.286184,1.118935,0.125129,-1.240001,0.180000,0.840000,0.600000,0.200000,-0.100000,1.118935
221,1.577560,-1.180730,-2.298584,1.130779,0.129629,-1.237220,0.180000,0.840000,0.580000,0.200000,-0.100000,1.130779
222,1.571006,-1.190035,-2.310956,1.142562,0.134122,-1.234904,0.160000,0.840000,0.620000,0.200000,-0.100000,1.142562
223,1.564291,-1.199376,-2.323305,1.154283,0.138617,-1.233011,0.160000,0.840000,0.620000,0.200000,-0.100000,1.154283
224,1.557413,-1.208749,-2.335636,1.165942,0.143120,-1.231502,0.160000,0.840000,0.620000,0.200000,-0.100000,1.165942
225,1.550373,-1.218153,-2.347951,1.177539,0.147637,-1.230343,0.140000,0.840000,0.600000,0.200000,-0.100000,1.177539
226,1.543168,-1.227583,-2.360254,1.189073,0.152174,-1.229501,0.180000,0.840000,0.600000,0.200000,-0.100000,1.189073
227,1.535797,-1.237037,-2.372549,1.200545,0.156736,-1.228947,0.120000,0.840000,0.600000,0.200000,-0.100000,1.200545
228,1.528261,-1.246512,-2.384839,1.211954,0.161327,-1.228654,0.160000,0.820000,0.600000,0.200000,-0.100000,1.211954
229,1.520556,-1.256006,-2.397125,1.223298,0.165953,-1.228597,0.160000,0.820000,0.600000,0.200000,-0.100000,1.223298
230,1.512684,-1.265516,-2.409411,1.234578,0.170615,-1.228754,0.160000,0.820000,0.580000,0.200000,-0.100000,1.234578
231,1.504643,-1.275037,-2.421699,1.245792,0.175319,-1.229106,0.140000,0.820000,0.580000,0.200000,-0.100000,1.245792
232,1.496432,-1.284569,-2.433990,1.256940,0.180066,-1.229632,0.140000,0.820000,0.580000,0.200000,-0.100000,1.256940
233,1.488051,-1.294108,-2.446286,1.268020,0.184860,-1.230315,0.120000,0.820000,0.580000,0.200000,-0.100000,1.268020
234,1.479498,-1.303651,-2.458589,1.279033,0.189703,-1.231141,0.200000,0.820000,0.560000,0.200000,-0.100000,1.279033
235,1.470774,-1.313194,-2.470901,1.289978,0.194597,-1.232096,0.200000,0.820000,0.560000,0.200000,-0.100000,1.289978
236,1.461878,-1.322736,-2.483221,1.300852,0.199544,-1.233166,0.180000,0.840000,0.560000,0.200000,-0.100000,1.300852
237,1.452810,-1.332274,-2.495553,1.311656,0.204545,-1.234339,0.180000,0.840000,0.560000,0.200000,-0.100000,1.311656
238,1.443568,-1.341804,-2.507897,1.322389,0.209603,-1.235606,1.000000,0.840000,0.540000,-0.400000,-0.100000,1.322389
239,1.434152,-1.351323,-2.520253,1.291048,0.214719,-1.236957,1.000000,0.840000,0.540000,-0.400000,-0.100000,1.291048
240,1.424905,-1.360584,-2.532622,1.259637,0.219190,-1.236434,1.000000,0.840000,0.580000,-0.400000,-0.100000,1.259637
241,1.415827,-1.369588,-2.544987,1.228166,0.223006,-1.234262,1.000000,0.840000,0.580000,-0.400000,-0.100000,1.228166
242,1.406920,-1.378333,-2.557329,1.196647,0.226161,-1.230640,1.000000,0.840000,0.580000,-0.400000,-0.100000,1.196647
243,1.398186,-1.386820,-2.569636,1.165094,0.228654,-1.225744,1.000000,0.840000,0.580000,-0.400000,-0.100000,1.165094
244,1.389627,-1.395049,-2.581893,1.133517,0.230484,-1.219729,1.000000,0.840000,0.580000,-0.400000,-0.100000,1.133517
245,1.381245,-1.403020,-2.594090,1.101928,0.231656,-1.212728,1.000000,0.860000,0.580000,-0.400000,-0.100000,1.101928
246,1.373042,-1.410734,-2.606218,1.070338,0.232176,-1.204854,1.000000,0.860000,0.560000,-0.400000,-0.100000,1.070338
247,1.365021,-1.418191,-2.618266,1.038757,0.232050,-1.196203,1.000000,0.860000,0.560000,-0.400000,-0.100000,1.038757
248,1.357183,-1.425393,-2.630228,1.007195,0.231290,-1.186852,1.000000,0.860000,0.560000,-0.400000,-0.100000,1.007195
249,1.349532,-1.432339,-2.642097,0.975662,0.229904,-1.176864,1.000000,0.880000,0.560000,-0.300000,0.000000,0.975662
250,1.342068,-1.439030,-2.653865,0.951875,0.229583,-1.094476,1.000000,0.880000,0.560000,-0.300000,0.000000,0.951875
251,1.334735,-1.445519,-2.664810,0.928285,0.228018,-1.016307,1.000000,0.880000,0.560000,-0.300000,0.000000,0.928285
252,1.327534,-1.451805,-2.674973,0.904894,0.225328,-0.941813,1.000000,0.900000,0.560000,-0.300000,0.000000,0.904894
253,1.320466,-1.457888,-2.684391,0.881702,0.221618,-0.870520,1.000000,0.900000,0.560000,-0.300000,0.000000,0.881702
254,1.313533,-1.463769,-2.693096,0.858706,0.216983,-0.802019,1.000000,0.900000,0.560000,-0.300000,0.000000,0.858706
255,1.306736,-1.469447,-2.701117,0.835903,0.211512,-0.735957,1.000000,0.920000,0.560000,-0.300000,0.000000,0.835903
256,1.300077,-1.474925,-2.708476,0.813286,0.205286,-0.672036,1.000000,0.920000,0.540000,-0.300000,0.000000,0.813286
257,1.293557,-1.480201,-2.715197,0.790850,0.198380,-0.610006,1.000000,0.920000,0.540000,-0.300000,0.000000,0.790850
258,1.287177,-1.485279,-2.721297,0.768587,0.190867,-0.549665,1.000000,0.920000,0.540000,-0.300000,0.000000,0.768587
259,1.280939,-1.490157,-2.726793,0.746487,0.182815,-0.490860,1.000000,0.920000,0.540000,-0.300000,0.000000,0.746487
260,1.274843,-1.494839,-2.731702,0.724542,0.174292,-0.433489,1.000000,0.920000,0.540000,-0.300000,0.000000,0.724542
261,1.268893,-1.499325,-2.736037,0.702742,0.165363,-0.377503,1.000000,0.920000,0.540000,-0.300000,0.000000,0.702742
262,1.263088,-1.503617,-2.739812,0.681076,0.156095,-0.322915,1.000000,0.920000,0.540000,-0.300000,0.000000,0.681076
263,1.257430,-1.507717,-2.743041,0.659532,0.146554,-0.269800,1.000000,0.920000,0.540000,-0.300000,0.000000,0.659532
264,1.251920,-1.511627,-2.745739,0.638099,0.136809,-0.218307,1.000000,0.920000,0.520000,-0.300000,0.000000,0.638099
265,1.246560,-1.515350,-2.747922,0.616766,0.126929,-0.168665,1.000000,0.920000,0.520000,-0.300000,0.000000,0.616766
266,1.241351,-1.518888,-2.749609,0.595519,0.116989,-0.121185,1.000000,0.920000,0.520000,-0.300000,0.000000,0.595519
267,1.236295,-1.522244,-2.750820,0.574347,0.107064,-0.076266,1.000000,0.900000,0.520000,-0.300000,0.000000,0.574347
268,1.231392,-1.525421,-2.751583,0.553238,0.097234,-0.034387,1.000000,0.900000,0.520000,-0.300000,0.000000,0.553238
269,1.226645,-1.528424,-2.751927,0.532178,0.087581,0.003903,1.000000,0.900000,0.520000,-0.200000,0.000000,0.532178
270,1.222054,-1.531256,-2.751888,0.518157,0.078188,0.038020,1.000000,0.900000,0.500000,-0.200000,0.000000,0.518157
271,1.217558,-1.533948,-2.751508,0.504164,0.069233,0.067295,1.000000,0.880000,0.500000,-0.200000,0.000000,0.504164
272,1.213159,-1.536505,-2.750835,0.490189,0.060782,0.091199,1.000000,0.880000,0.500000,-0.200000,0.000000,0.490189
273,1.208858,-1.538934,-2.749923,0.476224,0.052896,0.109412,1.000000,0.880000,0.500000,-0.200000,0.000000,0.476224
274,1.204658,-1.541241,-2.748829,0.462262,0.045621,0.121876,1.000000,0.860000,0.500000,-0.300000,-0.100000,0.462262
275,1.200562,-1.543432,-2.747610,0.440746,0.036627,0.027814,1.000000,0.860000,0.500000,-0.300000,-0.100000,0.440746
276,1.196633,-1.545462,-2.747332,0.419231,0.028781,-0.060157,1.000000,0.860000,0.480000,-0.400000,-0.100000,0.419231
277,1.192873,-1.547338,-2.747933,0.390735,0.021996,-0.139849,1.000000,0.840000,0.480000,-0.400000,-0.100000,0.390735
278,1.189349,-1.549040,-2.749332,0.362273,0.016111,-0.208547,1.000000,0.840000,0.480000,-0.400000,-0.100000,0.362273
279,1.186063,-1.550574,-2.751417,0.333855,0.011035,-0.264768,1.000000,0.860000,0.480000,-0.400000,-0.100000,0.333855
280,1.183017,-1.551946,-2.754065,0.305490,0.006691,-0.307490,1.000000,0.860000,0.480000,-0.400000,-0.100000,0.305490
281,1.180214,-1.553162,-2.757140,0.277183,0.003011,-0.336167,1.000000,0.860000,0.480000,-0.400000,-0.100000,0.277183
282,1.177656,-1.554229,-2.760502,0.248937,-0.000055,-0.350740,1.000000,0.860000,0.480000,-0.400000,-0.100000,0.248937
283,1.175345,-1.555155,-2.764009,0.220752,-0.002538,-0.351605,1.000000,0.860000,0.480000,-0.400000,-0.100000,0.220752
284,1.173284,-1.555945,-2.767525,0.192626,-0.004451,-0.339565,1.000000,0.880000,0.480000,-0.300000,0.000000,0.192626
285,1.171474,-1.556608,-2.770921,0.171638,-0.002735,-0.185320,1.000000,0.880000,0.480000,-0.300000,0.000000,0.171638
286,1.169864,-1.557204,-2.772774,0.150641,-0.001637,-0.090466,1.000000,0.880000,0.480000,-0.300000,0.000000,0.150641
287,1.168453,-1.557732,-2.773679,0.129640,-0.000932,-0.038151,1.000000,0.880000,0.480000,-0.300000,0.000000,0.129640
288,1.167240,-1.558189,-2.774060,0.108639,-0.000482,-0.013106,1.000000,0.880000,0.480000,-0.300000,0.000000,0.108639
289,1.166225,-1.558575,-2.774191,0.087638,-0.000206,-0.003338,1.000000,0.880000,0.480000,-0.300000,0.000000,0.087638
290,1.165406,-1.558888,-2.774225,0.066638,-0.000058,-0.000576,1.000000,0.880000,0.480000,-0.300000,0.000000,0.066638
291,1.164784,-1.559127,-2.774230,0.045637,-0.000003,-0.000066,1.000000,0.880000,0.480000,-0.300000,0.000000,0.045637
292,1.164358,-1.559291,-2.774231,0.024637,0.000001,0.000048,1.000000,0.880000,0.480000,-0.200000,0.000000,0.024637
293,1.164128,-1.559379,-2.774230,0.010637,-0.000001,-0.000122,1.000000,0.880000,0.480000,-0.300000,0.000000,0.010637
294,1.164029,-1.559417,-2.774232,-0.010363,0.000003,0.000915,1.000000,0.880000,0.480000,-0.200000,0.000000,-0.010363
295,1.164126,-1.559380,-2.774223,-0.024363,0.000003,0.000915,1.000000,0.880000,0.480000,-0.200000,0.000000,-0.024363
296,1.164353,-1.559293,-2.774213,-0.038363,0.000003,0.000915,1.000000,0.880000,0.480000,-0.200000,0.000000,-0.038363
297,1.164711,-1.559155,-2.774204,-0.052363,0.000003,0.000915,1.000000,0.880000,0.480000,-0.200000,0.000000,-0.052363
298,1.165200,-1.558967,-2.774195,-0.066363,0.000004,0.000915,1.000000,0.880000,0.480000,-0.200000,0.000000,-0.066363
299,1.165819,-1.558728,-2.774186,-0.080364,0.000005,0.000915,1.000000,0.880000,0.480000,-0.200000,0.000000,-0.080364
300,1.166569,-1.558440,-2.774177,-0.094364,0.000005,0.000915,1.000000,0.880000,0.480000,-0.200000,0.000000,-0.094364
301,1.167450,-1.558101,-2.774168,-0.108365,0.000006,0.000915,1.000000,0.880000,0.480000,-0.200000,0.000000,-0.108365
302,1.168461,-1.557712,-2.774158,-0.122366,0.000007,0.000915,1.000000,0.880000,0.480000,-0.200000,0.000000,-0.122366
303,1.169603,-1.557272,-2.774149,-0.136367,0.000008,0.000915,1.000000,0.880000,0.480000,-0.200000,0.000000,-0.136367
304,1.170876,-1.556782,-2.774140,-0.150369,0.000010,0.000915,1.000000,0.880000,0.480000,-0.200000,0.000000,-0.150369
305,1.172279,-1.556242,-2.774131,-0.164371,0.000011,0.000915,1.000000,0.880000,0.480000,-0.200000,0.000000,-0.164371
306,1.173813,-1.555652,-2.774122,-0.178373,0.000012,0.000915,1.000000,0.880000,0.500000,-0.200000,0.000000,-0.178373
307,1.175478,-1.555011,-2.774113,-0.192376,0.000014,0.000915,1.000000,0.880000,0.500000,-0.200000,0.000000,-0.192376
308,1.177273,-1.554320,-2.774104,-0.206379,0.000016,0.000915,1.000000,0.900000,0.500000,-0.200000,0.000000,-0.206379
309,1.179199,-1.553579,-2.774094,-0.220383,0.000018,0.000915,1.000000,0.900000,0.500000,-0.200000,0.000000,-0.220383
310,1.181256,-1.552787,-2.774085,-0.234387,0.000020,0.000915,1.000000,0.900000,0.500000,-0.200000,0.000000,-0.234387
311,1.183444,-1.551945,-2.774076,-0.248392,0.000022,0.000915,1.000000,0.900000,0.500000,-0.200000,0.000000,-0.248392
312,1.185762,-1.551053,-2.774067,-0.262397,0.000024,0.000915,1.000000,0.900000,0.500000,-0.200000,0.000000,-0.262397
313,1.188211,-1.550110,-2.774058,-0.276403,0.000027,0.000915,1.000000,0.900000,0.500000,-0.200000,0.000000,-0.276403
314,1.190790,-1.549118,-2.774049,-0.290409,0.000029,0.000915,1.000000,0.900000,0.500000,-0.200000,0.000000,-0.290409
315,1.193500,-1.548074,-2.774039,-0.304416,0.000032,0.000915,1.000000,0.900000,0.500000,-0.200000,0.000000,-0.304416
316,1.196341,-1.546981,-2.774030,-0.318424,0.000034,0.000915,1.000000,0.900000,0.500000,-0.200000,0.000000,-0.318424
317,1.199313,-1.545837,-2.774021,-0.332433,0.000037,0.000915,1.000000,0.900000,0.500000,-0.200000,0.000000,-0.332433
318,1.202415,-1.544643,-2.774012,-0.346442,0.000040,0.000915,1.000000,0.920000,0.500000,-0.200000,0.000000,-0.346442
319,1.205649,-1.543398,-2.774003,-0.360453,0.000044,0.000915,1.000000,0.920000,0.500000,-0.200000,0.000000,-0.360453
320,1.209012,-1.542103,-2.773994,-0.374464,0.000047,0.000915,1.000000,0.920000,0.500000,-0.200000,0.000000,-0.374464
321,1.212507,-1.540758,-2.773985,-0.388476,0.000050,0.000915,1.000000,0.920000,0.500000,-0.200000,0.000000,-0.388476
322,1.216132,-1.539362,-2.773975,-0.402489,0.000054,0.000915,1.000000,0.920000,0.520000,-0.200000,0.000000,-0.402489
323,1.219889,-1.537916,-2.773966,-0.416502,0.000058,0.000915,1.000000,0.920000,0.520000,-0.200000,0.000000,-0.416502
324,1.223776,-1.536420,-2.773957,-0.430517,0.000061,0.000915,1.000000,0.940000,0.520000,-0.100000,0.000000,-0.430517
325,1.227793,-1.534873,-2.773948,-0.437533,0.000065,0.000915,1.000000,0.940000,0.520000,-0.100000,0.000000,-0.437533
326,1.231876,-1.533301,-2.773939,-0.444549,0.000069,0.000915,1.000000,0.940000,0.520000,-0.100000,0.000000,-0.444549
327,1.236025,-1.531704,-2.773930,-0.451566,0.000073,0.000915,1.000000,0.940000,0.520000,-0.100000,0.000000,-0.451566
328,1.240239,-1.530081,-2.773921,-0.458584,0.000078,0.000915,1.000000,0.940000,0.520000,-0.100000,0.000000,-0.458584
329,1.244519,-1.528434,-2.773911,-0.465602,0.000082,0.000915,1.000000,0.940000,0.520000,-0.100000,0.000000,-0.465602
330,1.248864,-1.526761,-2.773902,-0.472620,0.000086,0.000915,1.000000,0.960000,0.520000,-0.100000,0.000000,-0.472620
331,1.253275,-1.525063,-2.773893,-0.479639,0.000090,0.000915,1.000000,0.960000,0.520000,-0.100000,0.000000,-0.479639
332,1.257751,-1.523340,-2.773884,-0.486659,0.000095,0.000915,1.000000,0.960000,0.520000,-0.100000,0.000000,-0.486659
333,1.262292,-1.521591,-2.773875,-0.493679,0.000099,0.000915,1.000000,0.960000,0.540000,-0.100000,0.000000,-0.493679
334,1.266899,-1.519817,-2.773866,-0.500700,0.000104,0.000915,1.000000,0.960000,0.540000,-0.100000,0.000000,-0.500700
335,1.271572,-1.518018,-2.773856,-0.507721,0.000108,0.000915,1.000000,0.980000,0.540000,0.000000,0.100000,-0.507721
336,1.276310,-1.516194,-2.773847,-0.507743,0.000113,0.000915,1.000000,0.980000,0.540000,0.000000,0.100000,-0.507743
337,1.281049,-1.514370,-2.773838,-0.507765,0.000118,0.000915,1.000000,0.980000,0.540000,0.000000,0.100000,-0.507765
338,1.285787,-1.512545,-2.773829,-0.507787,0.000122,0.000915,1.000000,0.980000,0.540000,0.000000,0.100000,-0.507787
339,1.290526,-1.510721,-2.773820,-0.507809,0.000127,0.000915,1.000000,0.980000,0.540000,0.000000,0.100000,-0.507809
340,1.295265,-1.508896,-2.773811,-0.507831,0.000131,0.000915,1.000000,1.000000,0.540000,0.000000,0.100000,-0.507831
341,1.300004,-1.507071,-2.773802,-0.507853,0.000136,0.000915,1.000000,1.000000,0.540000,0.000000,0.100000,-0.507853
342,1.304743,-1.505247,-2.773792,-0.507875,0.000141,0.000915,1.000000,1.000000,0.560000,0.000000,0.100000,-0.507875
343,1.309483,-1.503422,-2.773783,-0.507897,0.000145,0.000915,1.000000,1.000000,0.560000,0.000000,0.100000,-0.507897
344,1.314223,-1.501597,-2.773774,-0.507919,0.000150,0.000915,1.000000,1.000000,0.560000,0.000000,0.100000,-0.507919
345,1.318963,-1.499772,-2.773765,-0.507941,0.000155,0.000915,1.000000,1.000000,0.560000,0.000000,0.100000,-0.507941
346,1.323703,-1.497947,-2.773756,-0.507963,0.000159,0.000915,1.000000,1.000000,0.560000,0.000000,0.100000,-0.507963
347,1.328444,-1.496122,-2.773747,-0.507985,0.000164,0.000915,1.000000,1.000000,0.560000,0.000000,0.100000,-0.507985
348,1.333184,-1.494297,-2.773738,-0.508007,0.000169,0.000915,1.000000,1.000000,0.560000,0.000000,0.100000,-0.508007
349,1.337925,-1.492471,-2.773728,-0.508029,0.000173,0.000915,1.000000,1.000000,0.560000,0.000000,0.100000,-0.508029
350,1.342666,-1.490646,-2.773719,-0.508051,0.000178,0.000915,1.000000,1.000000,0.560000,0.000000,0.100000,-0.508051
351,1.347407,-1.488820,-2.773710,-0.508074,0.000183,0.000915,1.000000,1.000000,0.580000,0.000000,0.100000,-0.508074
352,1.352149,-1.486995,-2.773701,-0.508096,0.000187,0.000915,1.000000,1.000000,0.580000,0.000000,0.100000,-0.508096
353,1.356890,-1.485169,-2.773692,-0.508118,0.000192,0.000915,1.000000,1.000000,0.580000,0.000000,0.100000,-0.508118
354,1.361632,-1.483344,-2.773683,-0.508140,0.000197,0.000915,1.000000,1.000000,0.580000,0.000000,0.100000,-0.508140
355,1.366374,-1.481518,-2.773673,-0.508162,0.000201,0.000915,1.000000,1.000000,0.580000,0.000000,0.100000,-0.508162
356,1.371117,-1.479692,-2.773664,-0.508184,0.000206,0.000915,1.000000,1.000000,0.580000,0.000000,0.100000,-0.508184
357,1.375859,-1.477866,-2.773655,-0.508206,0.000211,0.000915,1.000000,1.000000,0.580000,0.000000,0.100000,-0.508206
358,1.380602,-1.476040,-2.773646,-0.508228,0.000215,0.000915,1.000000,1.000000,0.580000,0.000000,0.100000,-0.508228
359,1.385345,-1.474214,-2.773637,-0.508250,0.000220,0.000915,1.000000,1.000000,0.580000,0.000000,0.100000,-0.508250
360,1.390088,-1.472388,-2.773628,-0.508272,0.000224,0.000915,1.000000,1.000000,0.600000,0.000000,0.100000,-0.508272
361,1.394831,-1.470562,-2.773619,-0.508294,0.000229,0.000915,1.000000,1.000000,0.600000,0.000000,0.100000,-0.508294
362,1.399574,-1.468735,-2.773609,-0.508316,0.000234,0.000915,1.000000,1.000000,0.600000,0.000000,0.100000,-0.508316
363,1.404318,-1.466909,-2.773600,-0.508338,0.000238,0.000915,1.000000,1.000000,0.600000,0.000000,0.100000,-0.508338
364,1.409062,-1.465082,-2.773591,-0.508360,0.000243,0.000915,1.000000,1.000000,0.600000,0.000000,0.100000,-0.508360
365,1.413806,-1.463256,-2.773582,-0.508382,0.000248,0.000915,1.000000,1.000000,0.600000,0.000000,0.100000,-0.508382
366,1.418551,-1.461429,-2.773573,-0.508404,0.000252,0.000915,1.000000,1.000000,0.600000,0.000000,0.100000,-0.508404
367,1.423295,-1.459602,-2.773564,-0.508426,0.000257,0.000915,1.000000,1.000000,0.600000,0.000000,0.100000,-0.508426
368,1.428040,-1.457776,-2.773554,-0.508448,0.000262,0.000915,1.000000,1.000000,0.600000,0.000000,0.100000,-0.508448
369,1.432785,-1.455949,-2.773545,-0.508470,0.000266,0.000915,1.000000,1.000000,0.620000,0.000000,0.100000,-0.508470
370,1.437530,-1.454122,-2.773536,-0.508492,0.000271,0.000915,1.000000,1.000000,0.620000,0.000000,0.100000,-0.508492
371,1.442275,-1.452295,-2.773527,-0.508515,0.000276,0.000915,1.000000,1.000000,0.620000,0.000000,0.100000,-0.508515
372,1.447021,-1.450468,-2.773518,-0.508537,0.000280,0.000915,1.000000,1.000000,0.620000,0.000000,0.100000,-0.508537
373,1.451767,-1.448640,-2.773509,-0.508559,0.000285,0.000915,1.000000,1.000000,0.620000,0.000000,0.100000,-0.508559
374,1.456513,-1.446813,-2.773500,-0.508581,0.000290,0.000915,1.000000,1.000000,0.620000,0.000000,0.100000,-0.508581
375,1.461259,-1.444986,-2.773490,-0.508603,0.000294,0.000915,1.000000,1.000000,0.620000,0.000000,0.100000,-0.508603
376,1.466005,-1.443158,-2.773481,-0.508625,0.000299,0.000915,1.000000,1.000000,0.620000,0.000000,0.100000,-0.508625
377,1.470752,-1.441331,-2.773472,-0.508647,0.000304,0.000915,1.000000,1.000000,0.620000,0.000000,0.100000,-0.508647
378,1.475498,-1.439503,-2.773463,-0.508669,0.000308,0.000915,0.400000,1.000000,0.640000,0.300000,0.100000,-0.508669
379,1.480245,-1.437675,-2.773454,-0.487691,0.000313,0.000915,0.400000,1.000000,0.640000,0.300000,0.100000,-0.487691
380,1.484797,-1.435923,-2.773445,-0.466711,0.000317,0.000915,0.400000,1.000000,0.640000,0.300000,0.100000,-0.466711
381,1.489152,-1.434247,-2.773436,-0.445730,0.000322,0.000915,0.400000,1.000000,0.640000,0.300000,0.100000,-0.445730
382,1.493312,-1.432645,-2.773426,-0.424747,0.000326,0.000915,0.400000,1.000000,0.640000,0.300000,0.100000,-0.424747
383,1.497276,-1.431120,-2.773417,-0.403762,0.000330,0.000915,0.400000,1.000000,0.640000,0.300000,0.100000,-0.403762
384,1.501044,-1.429670,-2.773408,-0.382776,0.000333,0.000915,0.420000,1.000000,0.640000,0.300000,0.100000,-0.382776
385,1.504617,-1.428295,-2.773399,-0.361789,0.000337,0.000915,0.420000,1.000000,0.640000,0.300000,0.100000,-0.361789
386,1.507993,-1.426996,-2.773390,-0.340800,0.000340,0.000915,0.420000,1.000000,0.640000,0.300000,0.100000,-0.340800
387,1.511174,-1.425773,-2.773381,-0.319810,0.000343,0.000915,0.420000,1.000000,0.640000,0.300000,0.100000,-0.319810
388,1.514159,-1.424625,-2.773371,-0.298819,0.000346,0.000915,0.420000,1.000000,0.640000,0.300000,0.100000,-0.298819
389,1.516948,-1.423552,-2.773362,-0.277826,0.000349,0.000915,0.420000,1.000000,0.660000,0.300000,0.100000,-0.277826
390,1.519542,-1.422555,-2.773353,-0.256833,0.000351,0.000915,0.420000,1.000000,0.660000,0.300000,0.100000,-0.256833
391,1.521939,-1.421634,-2.773344,-0.235838,0.000354,0.000915,0.420000,1.000000,0.660000,0.300000,0.100000,-0.235838
392,1.524141,-1.420788,-2.773335,-0.214843,0.000356,0.000915,0.420000,1.000000,0.660000,0.300000,0.100000,-0.214843
393,1.526146,-1.420018,-2.773326,-0.193847,0.000358,0.000915,0.440000,1.000000,0.660000,0.300000,0.100000,-0.193847
394,1.527956,-1.419324,-2.773317,-0.172850,0.000360,0.000915,0.440000,1.000000,0.660000,0.300000,0.100000,-0.172850
395,1.529570,-1.418705,-2.773307,-0.151853,0.000361,0.000915,0.440000,1.000000,0.660000,0.300000,0.100000,-0.151853
396,1.530988,-1.418162,-2.773298,-0.130855,0.000363,0.000915,0.440000,1.000000,0.660000,0.300000,0.100000,-0.130855
397,1.532210,-1.417694,-2.773289,-0.109856,0.000364,0.000915,0.440000,1.000000,0.660000,0.300000,0.100000,-0.109856
398,1.533236,-1.417302,-2.773280,-0.088857,0.000365,0.000915,0.440000,1.000000,0.660000,0.300000,0.100000,-0.088857
399,1.534067,-1.416985,-2.773271,-0.067858,0.000366,0.000915,0.440000,1.000000,0.660000,0.300000,0.100000,-0.067858
400,1.534701,-1.416744,-2.773262,-0.046858,0.000366,0.000915,0.440000,1.000000,0.660000,0.300000,0.100000,-0.046858
401,1.535139,-1.416579,-2.773252,-0.025859,0.000367,0.000915,0.440000,1.000000,0.660000,0.300000,0.100000,-0.025859
402,1.535382,-1.416489,-2.773243,-0.004859,0.000367,0.000915,0.440000,1.000000,0.660000,0.300000,0.100000,-0.004859
403,1.535429,-1.416475,-2.773234,0.016141,0.000367,0.000915,0.440000,1.000000,0.660000,0.300000,0.100000,0.016141
404,1.535279,-1.416537,-2.773225,0.036912,0.001940,0.133315,0.440000,1.000000,0.660000,0.300000,0.100000,0.036912
405,1.534942,-1.416688,-2.771892,0.058086,0.002393,-0.047401,0.440000,1.000000,0.660000,0.300000,0.100000,0.058086
406,1.534409,-1.416920,-2.772366,0.078835,0.002645,0.168654,0.440000,1.000000,0.660000,0.300000,0.100000,0.078835
407,1.533683,-1.417229,-2.770679,0.099825,0.003913,0.113722,0.440000,1.000000,0.660000,0.300000,0.100000,0.099825
408,1.532767,-1.417628,-2.769542,0.120742,0.004603,0.153111,0.440000,1.000000,0.660000,0.300000,0.100000,0.120742
409,1.531659,-1.418109,-2.768011,0.141670,0.005323,0.180154,0.440000,1.000000,0.660000,0.300000,0.100000,0.141670
410,1.530359,-1.418676,-2.766209,0.162599,0.006009,0.206667,0.440000,1.000000,0.660000,0.300000,0.100000,0.162599
411,1.528869,-1.419328,-2.764143,0.183528,0.006654,0.233014,0.440000,1.000000,0.640000,0.300000,0.100000,0.183528
412,1.527187,-1.420066,-2.761813,0.204457,0.007252,0.259235,0.440000,1.000000,0.640000,0.300000,0.100000,0.204457
413,1.525315,-1.420892,-2.759220,0.225386,0.007799,0.285330,0.440000,1.000000,0.640000,0.300000,0.100000,0.225386
414,1.523253,-1.421805,-2.756367,0.246315,0.008288,0.311291,0.420000,1.000000,0.640000,0.300000,0.100000,0.246315
415,1.521002,-1.422807,-2.753254,0.267243,0.008714,0.337106,0.420000,1.000000,0.640000,0.300000,0.100000,0.267243
416,1.518561,-1.423900,-2.749883,0.288171,0.009073,0.362763,0.420000,1.000000,0.640000,0.300000,0.100000,0.288171
417,1.515932,-1.425084,-2.746255,0.309098,0.009359,0.388249,0.420000,1.000000,0.620000,0.300000,0.100000,0.309098
418,1.513116,-1.426361,-2.742373,0.330023,0.009568,0.413554,1.000000,1.000000,0.620000,0.000000,0.100000,0.330023
419,1.510112,-1.427732,-2.738237,0.329946,0.009694,0.438663,1.000000,1.000000,0.620000,0.000000,0.100000,0.329946
420,1.507116,-1.429116,-2.733851,0.329880,0.009731,0.456854,1.000000,1.000000,0.620000,0.000000,0.100000,0.329880
421,1.504126,-1.430513,-2.729282,0.329821,0.009715,0.469967,1.000000,1.000000,0.620000,0.000000,0.100000,0.329821
422,1.501143,-1.431924,-2.724583,0.329767,0.009668,0.479369,1.000000,1.000000,0.600000,0.000000,0.100000,0.329767
423,1.498167,-1.433348,-2.719789,0.329716,0.009606,0.486068,1.000000,1.000000,0.600000,0.000000,0.100000,0.329716
424,1.495198,-1.434785,-2.714928,0.329666,0.009539,0.490806,1.000000,1.000000,0.600000,0.000000,0.100000,0.329666
425,1.492237,-1.436237,-2.710020,0.329617,0.009472,0.494127,1.000000,1.000000,0.600000,0.000000,0.100000,0.329617
426,1.489282,-1.437701,-2.705079,0.329568,0.009411,0.496429,1.000000,0.980000,0.580000,0.000000,0.100000,0.329568
427,1.486336,-1.439180,-2.700115,0.329520,0.009355,0.498003,1.000000,0.960000,0.580000,-0.100000,0.000000,0.329520
428,1.483396,-1.440673,-2.695135,0.322557,0.006253,0.368501,1.000000,0.960000,0.580000,-0.100000,0.000000,0.322557
429,1.480514,-1.442122,-2.691450,0.315571,0.004079,0.269150,1.000000,0.940000,0.580000,-0.100000,0.000000,0.315571
430,1.477690,-1.443531,-2.688758,0.308573,0.002589,0.194147,1.000000,0.940000,0.580000,-0.100000,0.000000,0.308573
431,1.474927,-1.444905,-2.686817,0.301570,0.001589,0.138308,1.000000,0.920000,0.580000,-0.200000,0.000000,0.301570
432,1.472225,-1.446244,-2.685434,0.287565,0.000934,0.097272,1.000000,0.920000,0.560000,-0.200000,0.000000,0.287565
433,1.469647,-1.447519,-2.684461,0.273559,0.000520,0.066774,1.000000,0.920000,0.560000,-0.200000,0.000000,0.273559
434,1.467195,-1.448731,-2.683793,0.259553,0.000270,0.044609,1.000000,0.920000,0.560000,-0.200000,0.000000,0.259553
435,1.464868,-1.449880,-2.683347,0.245547,0.000126,0.028899,1.000000,0.920000,0.560000,-0.200000,0.000000,0.245547
436,1.462666,-1.450968,-2.683058,0.231542,0.000048,0.018072,1.000000,0.920000,0.560000,-0.200000,0.000000,0.231542
437,1.460590,-1.451993,-2.682877,0.217537,0.000011,0.010847,1.000000,0.900000,0.560000,-0.200000,0.000000,0.217537
438,1.458640,-1.452957,-2.682769,0.203533,-0.000004,0.006203,1.000000,0.900000,0.560000,-0.200000,0.000000,0.203533
439,1.456815,-1.453858,-2.682707,0.189530,-0.000009,0.003347,1.000000,0.900000,0.560000,-0.200000,0.000000,0.189530
440,1.455116,-1.454697,-2.682673,0.175527,-0.000008,0.001681,1.000000,0.900000,0.560000,-0.200000,0.000000,0.175527
441,1.453542,-1.455475,-2.682656,0.161524,-0.000006,0.000770,1.000000,0.900000,0.560000,-0.200000,0.000000,0.161524
442,1.452094,-1.456190,-2.682649,0.147522,-0.000004,0.000312,1.000000,0.900000,0.560000,-0.200000,0.000000,0.147522
443,1.450771,-1.456844,-2.682646,0.133520,-0.000002,0.000106,1.000000,0.900000,0.560000,-0.200000,0.000000,0.133520
444,1.449574,-1.457435,-2.682645,0.119518,-0.000001,0.000027,1.000000,0.900000,0.560000,-0.200000,0.000000,0.119518
445,1.448503,-1.457965,-2.682644,0.105517,-0.000000,0.000003,1.000000,0.900000,0.560000,-0.200000,0.000000,0.105517
446,1.447557,-1.458432,-2.682644,0.091516,-0.000000,-0.000001,1.000000,0.900000,0.560000,-0.300000,0.000000,0.091516
447,1.446736,-1.458838,-2.682644,0.070516,-0.000000,-0.000001,1.000000,0.900000,0.560000,-0.300000,0.000000,0.070516
448,1.446104,-1.459150,-2.682644,0.049515,-0.000000,-0.000000,1.000000,0.900000,0.560000,-0.300000,0.000000,0.049515
449,1.445660,-1.459369,-2.682644,0.028515,0.000000,0.000000,1.000000,0.900000,0.560000,-0.200000,0.000000,0.028515
450,1.445404,-1.459496,-2.682644,0.014515,-0.000000,0.000000,1.000000,0.900000,0.560000,-0.200000,0.000000,0.014515
451,1.445274,-1.459560,-2.682644,0.000515,0.000000,-0.000000,1.000000,0.900000,0.560000,-0.300000,0.000000,0.000515
452,1.445270,-1.459562,-2.682644,-0.020485,0.000000,-0.000000,1.000000,0.900000,0.560000,-0.300000,0.000000,-0.020485
453,1.445453,-1.459472,-2.682644,-0.041485,0.000000,-0.000000,1.000000,0.900000,0.560000,-0.300000,0.000000,-0.041485
454,1.445825,-1.459288,-2.682644,-0.062485,0.000000,-0.000000,1.000000,0.900000,0.560000,-0.300000,0.000000,-0.062485
455,1.446385,-1.459011,-2.682644,-0.083486,0.000000,-0.000000,1.000000,0.900000,0.560000,-0.300000,0.000000,-0.083486
456,1.447134,-1.458641,-2.682644,-0.104486,0.000000,-0.000000,1.000000,0.900000,0.560000,-0.300000,0.000000,-0.104486
457,1.448071,-1.458178,-2.682644,-0.125487,0.000000,-0.000000,1.000000,0.900000,0.560000,-0.300000,0.000000,-0.125487
458,1.449196,-1.457622,-2.682644,-0.146489,0.000000,-0.000000,1.000000,0.900000,0.560000,-0.300000,0.000000,-0.146489
459,1.450509,-1.456973,-2.682644,-0.167490,0.000000,-0.000000,1.000000,0.900000,0.560000,-0.300000,0.000000,-0.167490
460,1.452011,-1.456231,-2.682644,-0.188493,0.000000,-0.000000,1.000000,0.900000,0.560000,-0.300000,0.000000,-0.188493
461,1.453700,-1.455396,-2.682644,-0.209496,0.000000,-0.000000,1.000000,0.900000,0.560000,-0.300000,0.000000,-0.209496
462,1.455579,-1.454468,-2.682644,-0.230500,0.000000,-0.000000,1.000000,0.900000,0.560000,-0.300000,0.000000,-0.230500
463,1.457645,-1.453447,-2.682644,-0.251504,0.000000,-0.000000,1.000000,0.900000,0.560000,-0.300000,0.000000,-0.251504
464,1.459900,-1.452333,-2.682644,-0.272509,0.000000,-0.000000,1.000000,0.900000,0.560000,-0.300000,0.000000,-0.272509
465,1.462343,-1.451126,-2.682644,-0.293516,0.000000,-0.000000,1.000000,0.920000,0.560000,-0.300000,0.000000,-0.293516
466,1.464974,-1.449825,-2.682644,-0.314523,0.000000,-0.000000,1.000000,0.920000,0.560000,-0.300000,0.000000,-0.314523
467,1.467794,-1.448432,-2.682644,-0.335532,0.000000,-0.000000,1.000000,0.920000,0.560000,-0.300000,0.000000,-0.335532
468,1.470802,-1.446946,-2.682644,-0.356541,0.000000,-0.000000,1.000000,0.920000,0.560000,-0.300000,0.000000,-0.356541
469,1.473999,-1.445366,-2.682644,-0.377552,0.000000,-0.000000,1.000000,0.920000,0.560000,-0.300000,0.000000,-0.377552
470,1.477384,-1.443694,-2.682644,-0.398564,0.000000,-0.000000,1.000000,0.920000,0.580000,-0.300000,0.000000,-0.398564
471,1.480957,-1.441928,-2.682644,-0.419578,0.000000,-0.000000,1.000000,0.920000,0.580000,-0.300000,0.000000,-0.419578
472,1.484718,-1.440069,-2.682644,-0.440593,0.000000,-0.000000,1.000000,0.940000,0.580000,-0.100000,0.000000,-0.440593
473,1.488668,-1.438117,-2.682644,-0.447609,0.000000,-0.000000,1.000000,0.940000,0.580000,-0.100000,0.000000,-0.447609
474,1.492681,-1.436134,-2.682644,-0.454627,0.000000,-0.000000,1.000000,0.940000,0.580000,-0.100000,0.000000,-0.454627
475,1.496757,-1.434120,-2.682644,-0.461644,0.000000,-0.000000,1.000000,0.940000,0.580000,-0.100000,0.000000,-0.461644
476,1.500896,-1.432075,-2.682644,-0.468662,0.000000,-0.000000,1.000000,0.940000,0.520000,-0.100000,0.000000,-0.468662
477,1.505097,-1.429999,-2.682644,-0.475681,0.000000,-0.000000,1.000000,0.940000,0.580000,-0.100000,0.000000,-0.475681
478,1.509362,-1.427892,-2.682644,-0.482700,-0.000000,-0.000000,1.000000,0.960000,0.580000,-0.100000,0.000000,-0.482700
479,1.513689,-1.425753,-2.682644,-0.489720,-0.000000,-0.000000,1.000000,0.960000,0.600000,-0.100000,0.000000,-0.489720
480,1.518080,-1.423584,-2.682644,-0.496741,-0.000000,-0.000000,1.000000,0.960000,0.540000,-0.100000,0.000000,-0.496741
481,1.522533,-1.421383,-2.682644,-0.503762,-0.000000,-0.000000,1.000000,0.960000,0.540000,-0.100000,0.000000,-0.503762
482,1.527050,-1.419152,-2.682644,-0.510784,-0.000000,-0.000000,1.000000,0.960000,0.540000,-0.100000,0.000000,-0.510784
483,1.531629,-1.416889,-2.682644,-0.517806,-0.000000,-0.000000,1.000000,0.980000,0.540000,0.000000,0.100000,-0.517806
484,1.536271,-1.414595,-2.682644,-0.517829,-0.000000,-0.000000,1.000000,0.980000,0.540000,0.000000,0.100000,-0.517829
485,1.540914,-1.412301,-2.682644,-0.517852,-0.000000,-0.000000,1.000000,0.980000,0.540000,0.000000,0.100000,-0.517852
486,1.545556,-1.410007,-2.682644,-0.517874,-0.000000,-0.000000,1.000000,0.980000,0.560000,0.000000,0.100000,-0.517874
487,1.550199,-1.407713,-2.682644,-0.517897,-0.000000,-0.000000,1.000000,0.980000,0.560000,0.000000,0.100000,-0.517897
488,1.554842,-1.405418,-2.682644,-0.517920,-0.000000,-0.000000,1.000000,1.000000,0.560000,0.000000,0.100000,-0.517920
489,1.559485,-1.403124,-2.682644,-0.517943,-0.000000,-0.000000,1.000000,1.000000,0.560000,0.000000,0.100000,-0.517943
490,1.564129,-1.400829,-2.682644,-0.517966,-0.000000,-0.000000,1.000000,1.000000,0.560000,0.000000,0.100000,-0.517966
491,1.568772,-1.398535,-2.682644,-0.517989,-0.000000,-0.000000,1.000000,1.000000,0.560000,0.000000,0.100000,-0.517989
492,1.573416,-1.396240,-2.682644,-0.518012,-0.000000,-0.000000,1.000000,1.000000,0.560000,0.000000,0.100000,-0.518012
493,1.578060,-1.393945,-2.682644,-0.518035,-0.000000,-0.000000,1.000000,1.000000,0.580000,0.000000,0.100000,-0.518035
494,1.582705,-1.391650,-2.682644,-0.518058,-0.000000,-0.000000,1.000000,1.000000,0.580000,0.000000,0.100000,-0.518058
495,1.587349,-1.389355,-2.682644,-0.518081,-0.000000,-0.000000,1.000000,1.000000,0.580000,0.000000,0.100000,-0.518081
496,1.591994,-1.387060,-2.682644,-0.518103,-0.000000,-0.000000,1.000000,1.000000,0.580000,0.000000,0.100000,-0.518103
497,1.596639,-1.384765,-2.682644,-0.518126,-0.000000,-0.000000,1.000000,1.000000,0.580000,0.000000,0.100000,-0.518126
498,1.601284,-1.382469,-2.682644,-0.518149,-0.000000,-0.000000,1.000000,1.000000,0.580000,0.000000,0.100000,-0.518149
499,1.605929,-1.380174,-2.682644,-0.518172,-0.000000,-0.000000,0.500000,1.000000,0.580000,0.300000,0.100000,-0.518172
500,1.610575,-1.377879,-2.682644,-0.497195,-0.000000,-0.000000,0.500000,1.000000,0.580000,0.300000,0.100000,-0.497195
501,1.615032,-1.375676,-2.682644,-0.476216,-0.000000,-0.000000,0.500000,1.000000,0.600000,0.300000,0.100000,-0.476216
502,1.619301,-1.373566,-2.682644,-0.455236,-0.000000,-0.000000,0.500000,1.000000,0.600000,0.300000,0.100000,-0.455236
503,1.623383,-1.371550,-2.682644,-0.434253,-0.000000,-0.000000,0.520000,1.000000,0.600000,0.300000,0.100000,-0.434253
504,1.627276,-1.369626,-2.682644,-0.413269,-0.000000,-0.000000,0.520000,1.000000,0.600000,0.300000,0.100000,-0.413269
505,1.630981,-1.367795,-2.682644,-0.392284,-0.000000,-0.000000,0.520000,1.000000,0.600000,0.300000,0.100000,-0.392284
506,1.634498,-1.366057,-2.682644,-0.371297,-0.000000,-0.000000,0.520000,1.000000,0.600000,0.300000,0.100000,-0.371297
507,1.637827,-1.364412,-2.682644,-0.350309,-0.000000,-0.000000,0.520000,1.000000,0.600000,0.300000,0.100000,-0.350309
508,1.640967,-1.362860,-2.682644,-0.329319,-0.000000,-0.000000,0.520000,1.000000,0.600000,0.300000,0.100000,-0.329319
509,1.643920,-1.361401,-2.682644,-0.308329,-0.000000,-0.000000,0.520000,1.000000,0.600000,0.300000,0.100000,-0.308329
510,1.646684,-1.360036,-2.682644,-0.287337,-0.000000,-0.000000,0.540000,1.000000,0.600000,0.300000,0.100000,-0.287337
511,1.649260,-1.358763,-2.682644,-0.266344,-0.000000,-0.000000,0.540000,1.000000,0.600000,0.300000,0.100000,-0.266344
512,1.651648,-1.357583,-2.682644,-0.245350,-0.000000,-0.000000,0.540000,1.000000,0.620000,0.300000,0.100000,-0.245350
513,1.653847,-1.356496,-2.682644,-0.224355,-0.000000,-0.000000,0.540000,1.000000,0.620000,0.300000,0.100000,-0.224355
514,1.655859,-1.355502,-2.682644,-0.203359,-0.000000,-0.000000,0.540000,1.000000,0.620000,0.300000,0.100000,-0.203359
515,1.657682,-1.354601,-2.682644,-0.182363,-0.000000,-0.000000,0.540000,1.000000,0.620000,0.300000,0.100000,-0.182363
516,1.659317,-1.353793,-2.682644,-0.161366,-0.000000,-0.000000,0.540000,1.000000,0.620000,0.300000,0.100000,-0.161366
517,1.660763,-1.353078,-2.682644,-0.140368,-0.000000,-0.000000,0.340000,1.000000,0.620000,0.300000,0.100000,-0.140368
518,1.662022,-1.352456,-2.682644,-0.119370,-0.000000,-0.000000,0.340000,1.000000,0.620000,0.300000,0.100000,-0.119370
519,1.663092,-1.351928,-2.682644,-0.098371,-0.000000,-0.000000,0.340000,1.000000,0.620000,0.300000,0.100000,-0.098371
520,1.663974,-1.351492,-2.682644,-0.077372,-0.000000,-0.000000,0.340000,1.000000,0.620000,0.300000,0.100000,-0.077372
521,1.664668,-1.351149,-2.682644,-0.056372,-0.000000,-0.000000,0.340000,1.000000,0.620000,0.300000,0.100000,-0.056372
522,1.665173,-1.350899,-2.682644,-0.035372,-0.000000,-0.000000,0.340000,1.000000,0.620000,0.300000,0.100000,-0.035372
523,1.665490,-1.350743,-2.682644,-0.014372,-0.000000,-0.000000,0.340000,1.000000,0.620000,0.300000,0.100000,-0.014372
524,1.665619,-1.350679,-2.682644,0.006627,-0.000000,-0.000000,0.340000,1.000000,0.620000,0.300000,0.100000,0.006627
525,1.665559,-1.350708,-2.682644,0.027627,-0.000000,-0.000000,0.340000,1.000000,0.620000,0.300000,0.100000,0.027627
526,1.665312,-1.350831,-2.682644,0.048329,0.002975,0.127252,0.340000,1.000000,0.620000,0.300000,0.100000,0.048329
527,1.664892,-1.351072,-2.681372,0.069447,0.002639,0.036565,0.340000,1.000000,0.620000,0.300000,0.100000,0.069447
528,1.664281,-1.351404,-2.681006,0.090304,0.003342,0.132089,0.340000,1.000000,0.620000,0.300000,0.100000,0.090304
529,1.663487,-1.351835,-2.679685,0.111243,0.004247,0.140676,0.340000,1.000000,0.620000,0.300000,0.100000,0.111243
530,1.662510,-1.352369,-2.678279,0.132170,0.004991,0.168064,0.540000,1.000000,0.620000,0.300000,0.100000,0.132170
531,1.661350,-1.353004,-2.676598,0.153098,0.005698,0.194652,0.540000,1.000000,0.620000,0.300000,0.100000,0.153098
532,1.660007,-1.353741,-2.674651,0.174027,0.006364,0.221056,0.540000,1.000000,0.600000,0.300000,0.100000,0.174027
533,1.658482,-1.354582,-2.672441,0.194956,0.006985,0.247335,0.540000,1.000000,0.600000,0.300000,0.100000,0.194956
534,1.656775,-1.355525,-2.669967,0.215885,0.007556,0.273491,0.540000,1.000000,0.600000,0.300000,0.100000,0.215885
535,1.654886,-1.356574,-2.667233,0.236814,0.008072,0.299516,0.540000,1.000000,0.600000,0.300000,0.100000,0.236814
536,1.652816,-1.357727,-2.664237,0.257742,0.008528,0.325400,0.540000,1.000000,0.600000,0.300000,0.100000,0.257742
537,1.650566,-1.358987,-2.660983,0.278671,0.008918,0.351132,0.540000,1.000000,0.600000,0.300000,0.100000,0.278671
538,1.648136,-1.360354,-2.657472,0.299598,0.009238,0.376698,1.000000,1.000000,0.600000,0.000000,0.100000,0.299598
539,1.645527,-1.361831,-2.653705,0.299524,0.009483,0.402087,1.000000,1.000000,0.580000,0.000000,0.100000,0.299524
540,1.642926,-1.363318,-2.649684,0.299463,0.009619,0.419903,1.000000,1.000000,0.580000,0.000000,0.100000,0.299463
541,1.640332,-1.364818,-2.645485,0.299411,0.009687,0.432355,1.000000,1.000000,0.580000,0.000000,0.100000,0.299411
542,1.637745,-1.366328,-2.641162,0.299366,0.009713,0.441020,1.000000,0.980000,0.580000,0.000000,0.100000,0.299366
543,1.635165,-1.367850,-2.636751,0.299324,0.009715,0.447020,1.000000,0.980000,0.580000,0.000000,0.100000,0.299324
544,1.632592,-1.369382,-2.632281,0.299284,0.009703,0.451150,1.000000,0.960000,0.580000,-0.100000,0.000000,0.299284
545,1.630026,-1.370926,-2.627770,0.292320,0.006637,0.323659,1.000000,0.960000,0.560000,-0.100000,0.000000,0.292320
546,1.627513,-1.372421,-2.624533,0.285334,0.004484,0.228793,1.000000,0.940000,0.560000,-0.100000,0.000000,0.285334
547,1.625055,-1.373870,-2.622245,0.278338,0.002998,0.159513,1.000000,0.940000,0.560000,-0.100000,0.000000,0.278338
548,1.622654,-1.375278,-2.620650,0.271336,0.001985,0.109718,1.000000,0.940000,0.560000,-0.100000,0.000000,0.271336
549,1.620310,-1.376645,-2.619553,0.264332,0.001304,0.074444,1.000000,0.920000,0.560000,-0.200000,0.000000,0.264332
550,1.618025,-1.377975,-2.618808,0.250327,0.000850,0.049806,1.000000,0.920000,0.560000,-0.200000,0.000000,0.250327
551,1.615861,-1.379232,-2.618310,0.236322,0.000550,0.032365,1.000000,0.920000,0.560000,-0.200000,0.000000,0.236322
552,1.613816,-1.380418,-2.617987,0.222317,0.000353,0.020355,1.000000,0.920000,0.560000,-0.200000,0.000000,0.222317
553,1.611893,-1.381532,-2.617783,0.208313,0.000225,0.012336,1.000000,0.920000,0.560000,-0.200000,0.000000,0.208313
554,1.610090,-1.382576,-2.617660,0.194309,0.000143,0.007167,1.000000,0.920000,0.560000,-0.200000,0.000000,0.194309
555,1.608408,-1.383550,-2.617588,0.180306,0.000089,0.003969,1.000000,0.920000,0.540000,-0.200000,0.000000,0.180306
556,1.606848,-1.384453,-2.617549,0.166304,0.000055,0.002079,1.000000,0.920000,0.540000,-0.200000,0.000000,0.166304
557,1.605408,-1.385285,-2.617528,0.152301,0.000033,0.001023,1.000000,0.920000,0.540000,-0.200000,0.000000,0.152301
558,1.604090,-1.386048,-2.617518,0.138299,0.000019,0.000468,1.000000,0.920000,0.540000,-0.200000,0.000000,0.138299
559,1.602892,-1.386740,-2.617513,0.124298,0.000010,0.000198,1.000000,0.920000,0.540000,-0.200000,0.000000,0.124298
560,1.601816,-1.387362,-2.617511,0.110296,0.000005,0.000076,1.000000,0.900000,0.540000,-0.200000,0.000000,0.110296
561,1.600861,-1.387914,-2.617510,0.096295,0.000002,0.000027,1.000000,0.900000,0.540000,-0.200000,0.000000,0.096295
562,1.600028,-1.388396,-2.617510,0.082294,0.000001,0.000008,1.000000,0.900000,0.540000,-0.200000,0.000000,0.082294
563,1.599315,-1.388808,-2.617510,0.068294,0.000000,0.000002,1.000000,0.900000,0.540000,-0.200000,0.000000,0.068294
564,1.598724,-1.389149,-2.617510,0.054293,0.000000,0.000000,1.000000,0.900000,0.540000,-0.200000,0.000000,0.054293
565,1.598254,-1.389421,-2.617510,0.040293,-0.000000,-0.000000,1.000000,0.900000,0.540000,-0.300000,0.000000,0.040293
566,1.597905,-1.389623,-2.617510,0.019293,0.000000,0.000000,1.000000,0.900000,0.540000,-0.200000,0.000000,0.019293
567,1.597738,-1.389719,-2.617510,0.005293,-0.000000,-0.000000,1.000000,0.900000,0.540000,-0.300000,0.000000,0.005293
568,1.597692,-1.389746,-2.617510,-0.015707,-0.000000,-0.000000,1.000000,0.900000,0.540000,-0.300000,0.000000,-0.015707
569,1.597828,-1.389667,-2.617510,-0.036707,-0.000000,-0.000000,1.000000,0.900000,0.540000,-0.300000,0.000000,-0.036707
570,1.598146,-1.389484,-2.617510,-0.057707,-0.000000,-0.000000,1.000000,0.900000,0.540000,-0.300000,0.000000,-0.057707
571,1.598646,-1.389195,-2.617510,-0.078707,-0.000000,-0.000000,1.000000,0.900000,0.540000,-0.300000,0.000000,-0.078707
572,1.599327,-1.388801,-2.617510,-0.099708,-0.000000,-0.000000,1.000000,0.900000,0.540000,-0.300000,0.000000,-0.099708
573,1.600190,-1.388302,-2.617510,-0.120709,-0.000000,-0.000000,1.000000,0.900000,0.540000,-0.300000,0.000000,-0.120709
574,1.601235,-1.387698,-2.617510,-0.141710,-0.000000,-0.000000,1.000000,0.900000,0.540000,-0.300000,0.000000,-0.141710
575,1.602462,-1.386989,-2.617510,-0.162712,-0.000000,-0.000000,1.000000,0.920000,0.540000,-0.300000,0.000000,-0.162712
576,1.603871,-1.386175,-2.617510,-0.183714,-0.000000,-0.000000,1.000000,0.920000,0.540000,-0.300000,0.000000,-0.183714
577,1.605462,-1.385255,-2.617510,-0.204717,-0.000000,-0.000000,1.000000,0.920000,0.540000,-0.300000,0.000000,-0.204717
578,1.607234,-1.384231,-2.617510,-0.225720,-0.000000,-0.000000,1.000000,0.920000,0.540000,-0.300000,0.000000,-0.225720
579,1.609188,-1.383101,-2.617510,-0.246725,-0.000000,-0.000000,1.000000,0.920000,0.540000,-0.300000,0.000000,-0.246725
580,1.611324,-1.381867,-2.617510,-0.267730,-0.000000,-0.000000,1.000000,0.920000,0.560000,-0.300000,0.000000,-0.267730
581,1.613642,-1.380527,-2.617510,-0.288736,-0.000000,-0.000000,1.000000,0.920000,0.560000,-0.300000,0.000000,-0.288736
582,1.616142,-1.379082,-2.617510,-0.309743,-0.000000,-0.000000,1.000000,0.920000,0.560000,-0.300000,0.000000,-0.309743
583,1.618824,-1.377532,-2.617510,-0.330751,-0.000000,-0.000000,1.000000,0.920000,0.560000,-0.300000,0.000000,-0.330751
584,1.621687,-1.375877,-2.617510,-0.351761,-0.000000,-0.000000,1.000000,0.920000,0.560000,-0.300000,0.000000,-0.351761
585,1.624733,-1.374116,-2.617510,-0.372771,-0.000000,-0.000000,1.000000,0.940000,0.560000,-0.100000,0.000000,-0.372771
586,1.627960,-1.372251,-2.617510,-0.379783,-0.000000,-0.000000,1.000000,0.940000,0.560000,-0.100000,0.000000,-0.379783
587,1.631248,-1.370351,-2.617510,-0.386796,-0.000000,-0.000000,1.000000,0.940000,0.560000,-0.100000,0.000000,-0.386796
588,1.634597,-1.368415,-2.617510,-0.393808,-0.000000,-0.000000,1.000000,0.940000,0.560000,-0.100000,0.000000,-0.393808
589,1.638007,-1.366444,-2.617510,-0.400822,-0.000000,-0.000000,1.000000,0.940000,0.560000,-0.100000,0.000000,-0.400822
590,1.641477,-1.364438,-2.617510,-0.407835,-0.000000,-0.000000,1.000000,0.940000,0.560000,-0.100000,0.000000,-0.407835
591,1.645008,-1.362398,-2.617510,-0.414849,-0.000000,-0.000000,1.000000,0.940000,0.580000,-0.100000,0.000000,-0.414849
592,1.648600,-1.360322,-2.617510,-0.421864,-0.000000,-0.000000,1.000000,0.960000,0.580000,-0.100000,0.000000,-0.421864
593,1.652252,-1.358210,-2.617510,-0.428879,-0.000000,-0.000000,1.000000,0.960000,0.580000,-0.100000,0.000000,-0.428879
594,1.655965,-1.356064,-2.617510,-0.435895,-0.000000,-0.000000,1.000000,0.960000,0.580000,-0.100000,0.000000,-0.435895
595,1.659739,-1.353883,-2.617510,-0.442911,-0.000000,-0.000000,1.000000,0.960000,0.580000,-0.100000,0.000000,-0.442911
596,1.663574,-1.351667,-2.617510,-0.449928,-0.000000,-0.000000,1.000000,0.960000,0.580000,-0.100000,0.000000,-0.449928
597,1.667469,-1.349415,-2.617510,-0.456945,-0.000000,-0.000000,1.000000,0.980000,0.580000,0.000000,0.100000,-0.456945
598,1.671425,-1.347128,-2.617510,-0.456963,-0.000000,-0.000000,1.000000,0.980000,0.580000,0.000000,0.100000,-0.456963
599,1.675382,-1.344842,-2.617510,-0.456981,-0.000000,-0.000000,1.000000,0.980000,0.580000,0.000000,0.100000,-0.456981
600,1.679338,-1.342555,-2.617510,-0.456999,-0.000000,-0.000000,1.000000,0.980000,0.600000,0.000000,0.100000,-0.456999
601,1.683295,-1.340268,-2.617510,-0.457017,-0.000000,-0.000000,1.000000,0.980000,0.600000,0.000000,0.100000,-0.457017
602,1.687252,-1.337981,-2.617510,-0.457034,-0.000000,-0.000000,1.000000,0.980000,0.600000,0.000000,0.100000,-0.457034
603,1.691208,-1.335694,-2.617510,-0.457052,-0.000000,-0.000000,1.000000,1.000000,0.600000,0.000000,0.100000,-0.457052
604,1.695166,-1.333407,-2.617510,-0.457070,-0.000000,-0.000000,1.000000,1.000000,0.600000,0.000000,0.100000,-0.457070
605,1.699123,-1.331119,-2.617510,-0.457088,-0.000000,-0.000000,1.000000,1.000000,0.600000,0.000000,0.100000,-0.457088
606,1.703080,-1.328832,-2.617510,-0.457106,-0.000000,-0.000000,1.000000,1.000000,0.600000,0.000000,0.100000,-0.457106
607,1.707038,-1.326545,-2.617510,-0.457124,-0.000000,-0.000000,1.000000,1.000000,0.600000,0.000000,0.100000,-0.457124
608,1.710995,-1.324257,-2.617510,-0.457141,-0.000000,-0.000000,1.000000,1.000000,0.620000,0.000000,0.100000,-0.457141
609,1.714953,-1.321969,-2.617510,-0.457159,-0.000000,-0.000000,1.000000,1.000000,0.620000,0.000000,0.100000,-0.457159
610,1.718911,-1.319682,-2.617510,-0.457177,-0.000000,-0.000000,1.000000,1.000000,0.620000,0.000000,0.100000,-0.457177
611,1.722869,-1.317394,-2.617510,-0.457195,-0.000000,-0.000000,0.600000,1.000000,0.620000,0.300000,0.100000,-0.457195
612,1.726828,-1.315106,-2.617510,-0.436213,-0.000000,-0.000000,0.600000,1.000000,0.620000,0.300000,0.100000,-0.436213
613,1.730604,-1.312923,-2.617510,-0.415229,-0.000000,-0.000000,0.400000,1.000000,0.620000,0.300000,0.100000,-0.415229
614,1.734199,-1.310845,-2.617510,-0.394244,-0.000000,-0.000000,0.400000,1.000000,0.620000,0.300000,0.100000,-0.394244
615,1.737613,-1.308872,-2.617510,-0.373257,-0.000000,-0.000000,0.400000,1.000000,0.620000,0.300000,0.100000,-0.373257
616,1.740844,-1.307005,-2.617510,-0.352269,-0.000000,-0.000000,0.400000,1.000000,0.620000,0.300000,0.100000,-0.352269
617,1.743894,-1.305242,-2.617510,-0.331280,-0.000000,-0.000000,0.420000,1.000000,0.640000,0.300000,0.100000,-0.331280
618,1.746762,-1.303584,-2.617510,-0.310289,-0.000000,-0.000000,0.420000,1.000000,0.640000,0.300000,0.100000,-0.310289
619,1.749449,-1.302031,-2.617510,-0.289297,-0.000000,-0.000000,0.420000,1.000000,0.640000,0.300000,0.100000,-0.289297
620,1.751953,-1.300583,-2.617510,-0.268304,-0.000000,-0.000000,0.420000,1.000000,0.640000,0.300000,0.100000,-0.268304
621,1.754276,-1.299241,-2.617510,-0.247310,-0.000000,-0.000000,0.420000,1.000000,0.640000,0.300000,0.100000,-0.247310
622,1.756418,-1.298003,-2.617510,-0.226316,-0.000000,-0.000000,0.420000,1.000000,0.640000,0.300000,0.100000,-0.226316
623,1.758377,-1.296871,-2.617510,-0.205320,-0.000000,-0.000000,0.420000,1.000000,0.640000,0.300000,0.100000,-0.205320
624,1.760155,-1.295843,-2.617510,-0.184324,-0.000000,-0.000000,0.420000,1.000000,0.640000,0.300000,0.100000,-0.184324
625,1.761750,-1.294921,-2.617510,-0.163326,-0.000000,-0.000000,0.420000,1.000000,0.640000,0.300000,0.100000,-0.163326
626,1.763165,-1.294104,-2.617510,-0.142329,-0.000000,-0.000000,0.420000,1.000000,0.640000,0.300000,0.100000,-0.142329
627,1.764397,-1.293391,-2.617510,-0.121330,-0.000000,-0.000000,0.420000,1.000000,0.640000,0.300000,0.100000,-0.121330
628,1.765447,-1.292784,-2.617510,-0.100332,-0.000000,-0.000000,0.420000,1.000000,0.640000,0.300000,0.100000,-0.100332
629,1.766316,-1.292282,-2.617510,-0.079333,-0.000000,-0.000000,0.420000,1.000000,0.640000,0.300000,0.100000,-0.079333
630,1.767003,-1.291885,-2.617510,-0.058333,-0.000000,-0.000000,0.440000,1.000000,0.640000,0.300000,0.100000,-0.058333
631,1.767508,-1.291593,-2.617510,-0.037333,-0.000000,-0.000000,0.440000,1.000000,0.640000,0.300000,0.100000,-0.037333
632,1.767831,-1.291406,-2.617510,-0.016334,-0.000000,-0.000000,0.440000,1.000000,0.640000,0.300000,0.100000,-0.016334
633,1.767972,-1.291325,-2.617510,0.004666,-0.000000,-0.000000,0.440000,1.000000,0.640000,0.300000,0.100000,0.004666
634,1.767932,-1.291348,-2.617510,0.025666,-0.000000,-0.000000,0.440000,1.000000,0.640000,0.300000,0.100000,0.025666
635,1.767710,-1.291476,-2.617510,0.046368,0.002975,0.127252,0.440000,1.000000,0.640000,0.300000,0.100000,0.046368
636,1.767323,-1.291734,-2.616237,0.067503,0.002504,0.027390,0.440000,1.000000,0.640000,0.300000,0.100000,0.067503
637,1.766752,-1.292094,-2.615963,0.088346,0.003241,0.133642,0.420000,1.000000,0.640000,0.300000,0.100000,0.088346
638,1.766004,-1.292566,-2.614627,0.109289,0.004180,0.137484,0.420000,1.000000,0.640000,0.300000,0.100000,0.109289
639,1.765080,-1.293151,-2.613252,0.130216,0.004924,0.165510,0.420000,1.000000,0.580000,0.300000,0.100000,0.130216
640,1.763980,-1.293850,-2.611597,0.151144,0.005634,0.192167,0.420000,1.000000,0.580000,0.300000,0.100000,0.151144
641,1.762705,-1.294663,-2.609675,0.172072,0.006304,0.218593,0.420000,1.000000,0.580000,0.300000,0.100000,0.172072
642,1.761254,-1.295590,-2.607489,0.193001,0.006930,0.244886,0.420000,1.000000,0.580000,0.300000,0.100000,0.193001
643,1.759628,-1.296632,-2.605041,0.213930,0.007506,0.271054,0.420000,1.000000,0.580000,0.300000,0.100000,0.213930
644,1.757828,-1.297790,-2.602330,0.234859,0.008027,0.297092,0.420000,1.000000,0.580000,0.300000,0.100000,0.234859
645,1.755854,-1.299065,-2.599359,0.255788,0.008488,0.322990,0.420000,1.000000,0.580000,0.300000,0.100000,0.255788
646,1.753706,-1.300458,-2.596129,0.276716,0.008885,0.348736,1.000000,1.000000,0.620000,0.000000,0.100000,0.276716
647,1.751387,-1.301970,-2.592642,0.276644,0.009212,0.374318,1.000000,1.000000,0.620000,0.000000,0.100000,0.276644
648,1.749075,-1.303492,-2.588899,0.276586,0.009414,0.391738,1.000000,1.000000,0.560000,0.000000,0.100000,0.276586
649,1.746770,-1.305024,-2.584981,0.276539,0.009536,0.403564,1.000000,0.980000,0.560000,0.000000,0.100000,0.276539
650,1.744473,-1.306566,-2.580946,0.276499,0.009607,0.411567,1.000000,0.980000,0.560000,0.000000,0.100000,0.276499
651,1.742182,-1.308117,-2.576830,0.276464,0.009646,0.416962,1.000000,0.960000,0.560000,-0.100000,0.000000,0.276464
652,1.739898,-1.309679,-2.572660,0.269497,0.006623,0.290448,1.000000,0.960000,0.560000,-0.100000,0.000000,0.269497
653,1.737664,-1.311186,-2.569756,0.262510,0.004506,0.199004,1.000000,0.960000,0.560000,-0.100000,0.000000,0.262510
654,1.735481,-1.312645,-2.567766,0.255513,0.003045,0.134301,1.000000,0.940000,0.540000,-0.100000,0.000000,0.255513
655,1.733351,-1.314057,-2.566423,0.248512,0.002048,0.089327,1.000000,0.940000,0.540000,-0.100000,0.000000,0.248512
656,1.731277,-1.315426,-2.565530,0.241508,0.001371,0.058561,1.000000,0.940000,0.540000,-0.100000,0.000000,0.241508
657,1.729259,-1.316753,-2.564944,0.234504,0.000915,0.037834,1.000000,0.940000,0.540000,-0.100000,0.000000,0.234504
658,1.727298,-1.318040,-2.564566,0.227500,0.000609,0.024082,1.000000,0.940000,0.540000,-0.100000,0.000000,0.227500
659,1.725395,-1.319286,-2.564325,0.220496,0.000404,0.015097,1.000000,0.940000,0.540000,-0.100000,0.000000,0.220496
660,1.723550,-1.320493,-2.564174,0.213492,0.000267,0.009319,1.000000,0.940000,0.540000,-0.100000,0.000000,0.213492
661,1.721762,-1.321660,-2.564081,0.206488,0.000175,0.005663,1.000000,0.940000,0.540000,-0.100000,0.000000,0.206488
662,1.720033,-1.322789,-2.564024,0.199484,0.000115,0.003388,1.000000,0.920000,0.540000,-0.200000,0.000000,0.199484
663,1.718363,-1.323879,-2.563990,0.185481,0.000074,0.001996,1.000000,0.920000,0.540000,-0.200000,0.000000,0.185481
664,1.716809,-1.324892,-2.563970,0.171478,0.000047,0.001126,1.000000,0.920000,0.540000,-0.200000,0.000000,0.171478
665,1.715373,-1.325829,-2.563959,0.157475,0.000029,0.000605,1.000000,0.920000,0.540000,-0.200000,0.000000,0.157475
666,1.714054,-1.326689,-2.563953,0.143473,0.000017,0.000308,1.000000,0.920000,0.540000,-0.200000,0.000000,0.143473
667,1.712852,-1.327473,-2.563950,0.129471,0.000009,0.000147,1.000000,0.920000,0.540000,-0.200000,0.000000,0.129471
668,1.711767,-1.328180,-2.563948,0.115470,0.000005,0.000065,1.000000,0.920000,0.540000,-0.200000,0.000000,0.115470
669,1.710800,-1.328810,-2.563948,0.101469,0.000002,0.000026,1.000000,0.920000,0.540000,-0.200000,0.000000,0.101469
670,1.709950,-1.329365,-2.563947,0.087468,0.000001,0.000009,1.000000,0.920000,0.540000,-0.200000,0.000000,0.087468
671,1.709217,-1.329842,-2.563947,0.073467,0.000000,0.000002,1.000000,0.920000,0.540000,-0.200000,0.000000,0.073467
672,1.708602,-1.330243,-2.563947,0.059467,0.000000,0.000000,1.000000,0.920000,0.520000,-0.200000,0.000000,0.059467
673,1.708103,-1.330568,-2.563947,0.045466,-0.000000,-0.000000,1.000000,0.920000,0.520000,-0.300000,0.000000,0.045466
674,1.707723,-1.330816,-2.563947,0.024466,0.000000,0.000000,1.000000,0.920000,0.520000,-0.200000,0.000000,0.024466
675,1.707518,-1.330950,-2.563947,0.010466,-0.000000,-0.000000,1.000000,0.920000,0.520000,-0.300000,0.000000,0.010466
676,1.707430,-1.331007,-2.563947,-0.010534,0.000000,0.000000,1.000000,0.920000,0.520000,-0.200000,0.000000,-0.010534
677,1.707518,-1.330950,-2.563947,-0.024534,0.000000,0.000000,1.000000,0.920000,0.520000,-0.200000,0.000000,-0.024534
678,1.707724,-1.330816,-2.563947,-0.038534,0.000000,0.000000,1.000000,0.920000,0.520000,-0.200000,0.000000,-0.038534
679,1.708046,-1.330605,-2.563947,-0.052534,0.000000,0.000000,1.000000,0.920000,0.520000,-0.200000,0.000000,-0.052534
680,1.708487,-1.330318,-2.563947,-0.066534,0.000000,0.000000,1.000000,0.920000,0.520000,-0.200000,0.000000,-0.066534
681,1.709044,-1.329955,-2.563947,-0.080535,0.000000,0.000000,1.000000,0.920000,0.540000,-0.200000,0.000000,-0.080535
682,1.709719,-1.329515,-2.563947,-0.094535,0.000000,0.000000,1.000000,0.920000,0.540000,-0.200000,0.000000,-0.094535
683,1.710511,-1.328999,-2.563947,-0.108536,0.000000,0.000000,1.000000,0.920000,0.540000,-0.200000,0.000000,-0.108536
684,1.711420,-1.328406,-2.563947,-0.122537,0.000000,0.000000,1.000000,0.920000,0.540000,-0.200000,0.000000,-0.122537
685,1.712446,-1.327737,-2.563947,-0.136538,0.000000,0.000000,1.000000,0.920000,0.540000,-0.200000,0.000000,-0.136538
686,1.713590,-1.326992,-2.563947,-0.150540,0.000000,0.000000,1.000000,0.920000,0.540000,-0.200000,0.000000,-0.150540
687,1.714851,-1.326170,-2.563947,-0.164542,0.000000,0.000000,1.000000,0.920000,0.540000,-0.200000,0.000000,-0.164542
688,1.716230,-1.325271,-2.563947,-0.178544,0.000000,0.000000,1.000000,0.920000,0.540000,-0.200000,0.000000,-0.178544
689,1.717726,-1.324296,-2.563947,-0.192547,0.000000,0.000000,1.000000,0.920000,0.540000,-0.200000,0.000000,-0.192547
690,1.719339,-1.323245,-2.563947,-0.206550,0.000000,0.000000,1.000000,0.920000,0.540000,-0.200000,0.000000,-0.206550
691,1.721069,-1.322117,-2.563947,-0.220554,0.000000,0.000000,1.000000,0.920000,0.540000,-0.200000,0.000000,-0.220554
692,1.722917,-1.320913,-2.563947,-0.234558,0.000000,0.000000,1.000000,0.940000,0.540000,-0.100000,0.000000,-0.234558
693,1.724882,-1.319632,-2.563947,-0.241562,0.000000,0.000000,1.000000,0.940000,0.540000,-0.100000,0.000000,-0.241562
694,1.726905,-1.318313,-2.563947,-0.248567,0.000000,0.000000,1.000000,0.940000,0.540000,-0.100000,0.000000,-0.248567
695,1.728988,-1.316955,-2.563947,-0.255573,0.000000,0.000000,1.000000,0.940000,0.540000,-0.100000,0.000000,-0.255573
696,1.731129,-1.315560,-2.563947,-0.262578,0.000000,0.000000,1.000000,0.940000,0.540000,-0.100000,0.000000,-0.262578
697,1.733329,-1.314126,-2.563947,-0.269584,0.000000,0.000000,1.000000,0.940000,0.540000,-0.100000,0.000000,-0.269584
698,1.735587,-1.312654,-2.563947,-0.276590,0.000000,0.000000,1.000000,0.940000,0.540000,-0.100000,0.000000,-0.276590
699,1.737904,-1.311144,-2.563947,-0.283597,0.000000,0.000000,1.000000,0.940000,0.540000,-0.100000,0.000000,-0.283597
700,1.740280,-1.309595,-2.563947,-0.290604,0.000000,0.000000,1.000000,0.940000,0.560000,-0.100000,0.000000,-0.290604
701,1.742715,-1.308008,-2.563947,-0.297611,0.000000,0.000000,1.000000,0.960000,0.560000,-0.100000,0.000000,-0.297611
702,1.745208,-1.306383,-2.563947,-0.304619,0.000000,0.000000,1.000000,0.960000,0.560000,-0.100000,0.000000,-0.304619
703,1.747760,-1.304720,-2.563947,-0.311626,0.000000,0.000000,1.000000,0.960000,0.560000,-0.100000,0.000000,-0.311626
704,1.750370,-1.303018,-2.563947,-0.318635,0.000000,0.000000,1.000000,0.960000,0.560000,-0.100000,0.000000,-0.318635
705,1.753040,-1.301278,-2.563947,-0.325643,0.000000,0.000000,1.000000,0.960000,0.560000,-0.100000,0.000000,-0.325643
706,1.755768,-1.299500,-2.563947,-0.332652,0.000000,0.000000,1.000000,0.960000,0.560000,-0.100000,0.000000,-0.332652
707,1.758555,-1.297684,-2.563947,-0.339662,0.000000,0.000000,1.000000,0.960000,0.560000,-0.100000,0.000000,-0.339662
708,1.761400,-1.295829,-2.563947,-0.346672,0.000000,0.000000,1.000000,0.960000,0.560000,-0.100000,0.000000,-0.346672
709,1.764304,-1.293936,-2.563947,-0.353682,0.000000,0.000000,1.000000,0.980000,0.560000,0.000000,0.100000,-0.353682
710,1.767267,-1.292005,-2.563947,-0.353693,0.000000,0.000000,1.000000,0.980000,0.560000,0.000000,0.100000,-0.353693
711,1.770230,-1.290073,-2.563947,-0.353703,0.000000,0.000000,1.000000,0.980000,0.580000,0.000000,0.100000,-0.353703
712,1.773194,-1.288142,-2.563947,-0.353714,0.000000,0.000000,1.000000,0.980000,0.580000,0.000000,0.100000,-0.353714
713,1.776157,-1.286210,-2.563947,-0.353725,0.000000,0.000000,1.000000,0.980000,0.580000,0.000000,0.100000,-0.353725
714,1.779120,-1.284279,-2.563947,-0.353735,0.000000,0.000000,1.000000,0.980000,0.580000,0.000000,0.100000,-0.353735
715,1.782084,-1.282347,-2.563947,-0.353746,0.000000,0.000000,1.000000,0.980000,0.580000,0.000000,0.100000,-0.353746
716,1.785047,-1.280416,-2.563947,-0.353757,0.000000,0.000000,1.000000,1.000000,0.580000,0.000000,0.100000,-0.353757
717,1.788011,-1.278484,-2.563947,-0.353767,0.000000,0.000000,1.000000,1.000000,0.580000,0.000000,0.100000,-0.353767
718,1.790974,-1.276552,-2.563947,-0.353778,0.000000,0.000000,1.000000,1.000000,0.580000,0.000000,0.100000,-0.353778
719,1.793938,-1.274620,-2.563947,-0.353789,0.000000,0.000000,1.000000,1.000000,0.580000,0.000000,0.100000,-0.353789
720,1.796902,-1.272688,-2.563947,-0.353799,0.000000,0.000000,1.000000,1.000000,0.580000,0.000000,0.100000,-0.353799
721,1.799866,-1.270756,-2.563947,-0.353810,0.000000,0.000000,1.000000,1.000000,0.580000,0.000000,0.100000,-0.353810
722,1.802830,-1.268824,-2.563947,-0.353821,0.000000,0.000000,0.460000,1.000000,0.600000,0.300000,0.100000,-0.353821
723,1.805794,-1.266892,-2.563947,-0.332832,0.000000,0.000000,0.460000,1.000000,0.600000,0.300000,0.100000,-0.332832
724,1.808582,-1.265075,-2.563947,-0.311841,0.000000,0.000000,0.460000,1.000000,0.600000,0.300000,0.100000,-0.311841
725,1.811195,-1.263372,-2.563947,-0.290849,0.000000,0.000000,0.480000,1.000000,0.600000,0.300000,0.100000,-0.290849
726,1.813632,-1.261784,-2.563947,-0.269857,0.000000,0.000000,0.480000,1.000000,0.600000,0.300000,0.100000,-0.269857
727,1.815892,-1.260310,-2.563947,-0.248863,0.000000,0.000000,0.480000,1.000000,0.600000,0.300000,0.100000,-0.248863
728,1.817977,-1.258952,-2.563947,-0.227868,0.000000,0.000000,0.480000,1.000000,0.600000,0.300000,0.100000,-0.227868
729,1.819886,-1.257707,-2.563947,-0.206872,0.000000,0.000000,0.480000,1.000000,0.600000,0.300000,0.100000,-0.206872
730,1.821619,-1.256578,-2.563947,-0.185876,0.000000,0.000000,0.480000,1.000000,0.600000,0.300000,0.100000,-0.185876
731,1.823176,-1.255563,-2.563947,-0.164879,0.000000,0.000000,0.480000,1.000000,0.600000,0.300000,0.100000,-0.164879
732,1.824558,-1.254662,-2.563947,-0.143881,0.000000,0.000000,0.480000,1.000000,0.600000,0.300000,0.100000,-0.143881
733,1.825763,-1.253877,-2.563947,-0.122883,0.000000,0.000000,0.480000,1.000000,0.600000,0.300000,0.100000,-0.122883
734,1.826792,-1.253206,-2.563947,-0.101884,0.000000,0.000000,0.480000,1.000000,0.600000,0.300000,0.100000,-0.101884
735,1.827646,-1.252649,-2.563947,-0.080885,0.000000,0.000000,0.480000,1.000000,0.600000,0.300000,0.100000,-0.080885
736,1.828324,-1.252208,-2.563947,-0.059886,0.000000,0.000000,0.480000,1.000000,0.600000,0.300000,0.100000,-0.059886
737,1.828825,-1.251881,-2.563947,-0.038886,0.000000,0.000000,0.480000,1.000000,0.600000,0.300000,0.100000,-0.038886
738,1.829151,-1.251668,-2.563947,-0.017886,0.000000,0.000000,0.480000,1.000000,0.600000,0.300000,0.100000,-0.017886
739,1.829301,-1.251571,-2.563947,0.003114,0.000000,0.000000,0.480000,1.000000,0.600000,0.300000,0.100000,0.003114
740,1.829275,-1.251588,-2.563947,0.024114,0.000000,0.000000,0.480000,1.000000,0.600000,0.300000,0.100000,0.024114
741,1.829073,-1.251719,-2.563947,0.044815,0.002975,0.127252,0.480000,1.000000,0.600000,0.300000,0.100000,0.044815
742,1.828714,-1.251989,-2.562675,0.065965,0.002390,0.019598,0.480000,1.000000,0.600000,0.300000,0.100000,0.065965
743,1.828175,-1.252370,-2.562479,0.086796,0.003161,0.135446,0.480000,1.000000,0.600000,0.300000,0.100000,0.086796
744,1.827465,-1.252871,-2.561124,0.107743,0.004129,0.134763,0.480000,1.000000,0.600000,0.300000,0.100000,0.107743
745,1.826587,-1.253497,-2.559777,0.128668,0.004872,0.163484,0.480000,1.000000,0.600000,0.300000,0.100000,0.128668
746,1.825539,-1.254244,-2.558142,0.149596,0.005584,0.190200,0.480000,1.000000,0.600000,0.300000,0.100000,0.149596
747,1.824321,-1.255115,-2.556240,0.170525,0.006256,0.216643,0.480000,1.000000,0.600000,0.300000,0.100000,0.170525
748,1.822934,-1.256109,-2.554073,0.191454,0.006885,0.242946,0.480000,1.000000,0.600000,0.300000,0.100000,0.191454
749,1.821379,-1.257228,-2.551644,0.212383,0.007465,0.269124,1.000000,1.000000,0.600000,0.000000,0.100000,0.212383
750,1.819656,-1.258472,-2.548953,0.212312,0.007990,0.295172,1.000000,1.000000,0.600000,0.000000,0.100000,0.212312
751,1.817939,-1.259724,-2.546001,0.212263,0.008330,0.310702,1.000000,1.000000,0.600000,0.000000,0.100000,0.212263
752,1.816229,-1.260983,-2.542894,0.212228,0.008551,0.319991,1.000000,0.980000,0.600000,0.000000,0.100000,0.212228
753,1.814524,-1.262250,-2.539694,0.212201,0.008694,0.325569,1.000000,0.980000,0.580000,0.000000,0.100000,0.212201
754,1.812824,-1.263523,-2.536438,0.212180,0.008789,0.328933,1.000000,0.980000,0.580000,0.000000,0.100000,0.212180
755,1.811129,-1.264803,-2.533149,0.212162,0.008851,0.330971,1.000000,0.960000,0.580000,-0.100000,0.000000,0.212162
756,1.809439,-1.266088,-2.529839,0.205188,0.005866,0.202789,1.000000,0.960000,0.580000,-0.100000,0.000000,0.205188
757,1.807793,-1.267314,-2.527811,0.198196,0.003835,0.121125,1.000000,0.960000,0.580000,-0.100000,0.000000,0.198196
758,1.806195,-1.268487,-2.526600,0.191197,0.002479,0.070846,1.000000,0.960000,0.580000,-0.100000,0.000000,0.191197
759,1.804647,-1.269611,-2.525892,0.184196,0.001585,0.040685,1.000000,0.960000,0.580000,-0.100000,0.000000,0.184196
760,1.803153,-1.270687,-2.525485,0.177194,0.000999,0.022977,1.000000,0.960000,0.580000,-0.100000,0.000000,0.177194
761,1.801712,-1.271719,-2.525255,0.170191,0.000621,0.012775,1.000000,0.940000,0.580000,-0.100000,0.000000,0.170191
762,1.800327,-1.272708,-2.525127,0.163189,0.000378,0.006998,1.000000,0.940000,0.580000,-0.100000,0.000000,0.163189
763,1.798998,-1.273655,-2.525057,0.156187,0.000225,0.003776,1.000000,0.940000,0.580000,-0.100000,0.000000,0.156187
764,1.797725,-1.274560,-2.525020,0.149185,0.000131,0.002006,1.000000,0.940000,0.560000,-0.100000,0.000000,0.149185
765,1.796508,-1.275424,-2.524999,0.142183,0.000074,0.001047,1.000000,0.940000,0.560000,-0.100000,0.000000,0.142183
766,1.795349,-1.276246,-2.524989,0.135181,0.000040,0.000535,1.000000,0.940000,0.560000,-0.100000,0.000000,0.135181
767,1.794246,-1.277028,-2.524984,0.128179,0.000021,0.000266,1.000000,0.940000,0.560000,-0.100000,0.000000,0.128179
768,1.793201,-1.277770,-2.524981,0.121178,0.000010,0.000127,1.000000,0.940000,0.560000,-0.100000,0.000000,0.121178
769,1.792212,-1.278471,-2.524980,0.114177,0.000005,0.000058,1.000000,0.940000,0.560000,-0.100000,0.000000,0.114177
770,1.791281,-1.279131,-2.524979,0.107176,0.000002,0.000025,1.000000,0.940000,0.560000,-0.100000,0.000000,0.107176
771,1.790406,-1.279751,-2.524979,0.100175,0.000001,0.000010,1.000000,0.940000,0.560000,-0.100000,0.000000,0.100175
772,1.789589,-1.280330,-2.524979,0.093174,0.000000,0.000004,1.000000,0.940000,0.560000,-0.100000,0.000000,0.093174
773,1.788829,-1.280869,-2.524979,0.086173,0.000000,0.000001,1.000000,0.940000,0.560000,-0.100000,0.000000,0.086173
774,1.788126,-1.281367,-2.524979,0.079172,0.000000,0.000000,1.000000,0.940000,0.560000,-0.100000,0.000000,0.079172
775,1.787480,-1.281825,-2.524979,0.072172,0.000000,0.000000,1.000000,0.940000,0.560000,-0.100000,0.000000,0.072172
776,1.786891,-1.282242,-2.524979,0.065171,0.000000,0.000000,1.000000,0.940000,0.560000,-0.100000,0.000000,0.065171
777,1.786359,-1.282619,-2.524979,0.058171,0.000000,0.000000,1.000000,0.940000,0.560000,-0.100000,0.000000,0.058171
778,1.785885,-1.282956,-2.524979,0.051171,-0.000000,-0.000000,1.000000,0.940000,0.560000,-0.100000,0.000000,0.051171
779,1.785467,-1.283251,-2.524979,0.044171,0.000000,0.000000,1.000000,0.940000,0.560000,-0.100000,0.000000,0.044171
780,1.785107,-1.283507,-2.524979,0.037170,-0.000000,-0.000000,1.000000,0.940000,0.560000,-0.100000,0.000000,0.037170
781,1.784804,-1.283722,-2.524979,0.030170,0.000000,0.000000,1.000000,0.940000,0.560000,-0.100000,0.000000,0.030170
782,1.784558,-1.283896,-2.524979,0.023170,-0.000000,-0.000000,1.000000,0.940000,0.560000,-0.100000,0.000000,0.023170
783,1.784368,-1.284030,-2.524979,0.016170,0.000000,0.000000,1.000000,0.940000,0.560000,-0.100000,0.000000,0.016170
784,1.784237,-1.284124,-2.524979,0.009170,-0.000000,-0.000000,1.000000,0.940000,0.560000,-0.100000,0.000000,0.009170
785,1.784162,-1.284177,-2.524979,0.002170,-0.000000,-0.000000,1.000000,0.940000,0.560000,-0.100000,0.000000,0.002170
786,1.784144,-1.284189,-2.524979,-0.004830,-0.000000,-0.000000,1.000000,0.940000,0.560000,-0.100000,0.000000,-0.004830
787,1.784183,-1.284161,-2.524979,-0.011830,-0.000000,-0.000000,1.000000,0.940000,0.560000,-0.100000,0.000000,-0.011830
788,1.784280,-1.284093,-2.524979,-0.018830,-0.000000,-0.000000,1.000000,0.940000,0.560000,-0.100000,0.000000,-0.018830
789,1.784434,-1.283984,-2.524979,-0.025830,-0.000000,-0.000000,1.000000,0.940000,0.560000,-0.100000,0.000000,-0.025830
790,1.784644,-1.283835,-2.524979,-0.032830,-0.000000,-0.000000,1.000000,0.940000,0.560000,-0.100000,0.000000,-0.032830
791,1.784912,-1.283645,-2.524979,-0.039830,-0.000000,-0.000000,1.000000,0.940000,0.560000,-0.100000,0.000000,-0.039830
792,1.785237,-1.283415,-2.524979,-0.046830,-0.000000,-0.000000,1.000000,0.940000,0.560000,-0.100000,0.000000,-0.046830
793,1.785619,-1.283144,-2.524979,-0.053830,-0.000000,-0.000000,1.000000,0.940000,0.560000,-0.100000,0.000000,-0.053830
794,1.786058,-1.282832,-2.524979,-0.060831,-0.000000,-0.000000,1.000000,0.940000,0.560000,-0.100000,0.000000,-0.060831
795,1.786555,-1.282481,-2.524979,-0.067831,-0.000000,-0.000000,1.000000,0.940000,0.560000,-0.100000,0.000000,-0.067831
796,1.787108,-1.282088,-2.524979,-0.074831,-0.000000,-0.000000,1.000000,0.940000,0.560000,-0.100000,0.000000,-0.074831
797,1.787719,-1.281656,-2.524979,-0.081832,-0.000000,-0.000000,1.000000,0.940000,0.560000,-0.100000,0.000000,-0.081832
798,1.788386,-1.281183,-2.524979,-0.088832,-0.000000,-0.000000,1.000000,0.940000,0.560000,-0.100000,0.000000,-0.088832
799,1.789111,-1.280669,-2.524979,-0.095833,-0.000000,-0.000000,1.000000,0.940000,0.560000,-0.100000,0.000000,-0.095833
800,1.789893,-1.280115,-2.524979,-0.102834,-0.000000,-0.000000,1.000000,0.940000,0.560000,-0.100000,0.000000,-0.102834
801,1.790732,-1.279520,-2.524979,-0.109835,-0.000000,-0.000000,1.000000,0.940000,0.560000,-0.100000,0.000000,-0.109835
802,1.791628,-1.278885,-2.524979,-0.116836,-0.000000,-0.000000,1.000000,0.940000,0.560000,-0.100000,0.000000,-0.116836
803,1.792581,-1.278209,-2.524979,-0.123837,-0.000000,-0.000000,1.000000,0.940000,0.560000,-0.100000,0.000000,-0.123837
804,1.793591,-1.277493,-2.524979,-0.130838,-0.000000,-0.000000,1.000000,0.940000,0.560000,-0.100000,0.000000,-0.130838
805,1.794659,-1.276736,-2.524979,-0.137840,-0.000000,-0.000000,1.000000,0.940000,0.560000,-0.100000,0.000000,-0.137840
806,1.795783,-1.275939,-2.524979,-0.144841,-0.000000,-0.000000,1.000000,0.940000,0.560000,-0.100000,0.000000,-0.144841
807,1.796965,-1.275102,-2.524979,-0.151843,-0.000000,-0.000000,1.000000,0.940000,0.560000,-0.100000,0.000000,-0.151843
808,1.798204,-1.274224,-2.524979,-0.158845,-0.000000,-0.000000,1.000000,0.940000,0.580000,-0.100000,0.000000,-0.158845
809,1.799500,-1.273305,-2.524979,-0.165847,-0.000000,-0.000000,1.000000,0.940000,0.580000,-0.100000,0.000000,-0.165847
810,1.800853,-1.272346,-2.524979,-0.172850,-0.000000,-0.000000,1.000000,0.940000,0.580000,-0.100000,0.000000,-0.172850
811,1.802263,-1.271347,-2.524979,-0.179852,-0.000000,-0.000000,1.000000,0.940000,0.580000,-0.100000,0.000000,-0.179852
812,1.803730,-1.270307,-2.524979,-0.186855,-0.000000,-0.000000,1.000000,0.960000,0.580000,-0.100000,0.000000,-0.186855
813,1.805255,-1.269226,-2.524979,-0.193858,-0.000000,-0.000000,1.000000,0.960000,0.580000,-0.100000,0.000000,-0.193858
814,1.806836,-1.268105,-2.524979,-0.200861,-0.000000,-0.000000,1.000000,0.960000,0.580000,-0.100000,0.000000,-0.200861
815,1.808475,-1.266943,-2.524979,-0.207865,-0.000000,-0.000000,1.000000,0.960000,0.580000,-0.100000,0.000000,-0.207865
816,1.810171,-1.265741,-2.524979,-0.214868,-0.000000,-0.000000,1.000000,0.960000,0.580000,-0.100000,0.000000,-0.214868
817,1.811924,-1.264499,-2.524979,-0.221872,-0.000000,-0.000000,1.000000,0.960000,0.580000,-0.100000,0.000000,-0.221872
818,1.813734,-1.263216,-2.524979,-0.228876,-0.000000,-0.000000,1.000000,0.960000,0.580000,-0.100000,0.000000,-0.228876
819,1.815601,-1.261892,-2.524979,-0.235881,-0.000000,-0.000000,1.000000,0.960000,0.580000,-0.100000,0.000000,-0.235881
820,1.817526,-1.260528,-2.524979,-0.242886,-0.000000,-0.000000,1.000000,0.960000,0.580000,-0.100000,0.000000,-0.242886
821,1.819507,-1.259124,-2.524979,-0.249891,-0.000000,-0.000000,1.000000,0.960000,0.580000,-0.100000,0.000000,-0.249891
822,1.821546,-1.257679,-2.524979,-0.256896,-0.000000,-0.000000,1.000000,0.960000,0.580000,-0.100000,0.000000,-0.256896
823,1.823642,-1.256193,-2.524979,-0.263902,-0.000000,-0.000000,1.000000,0.960000,0.580000,-0.100000,0.000000,-0.263902
824,1.825795,-1.254667,-2.524979,-0.270908,-0.000000,-0.000000,1.000000,0.980000,0.580000,0.000000,0.100000,-0.270908
825,1.828005,-1.253100,-2.524979,-0.270914,-0.000000,-0.000000,1.000000,0.980000,0.600000,0.000000,0.100000,-0.270914
826,1.830215,-1.251534,-2.524979,-0.270920,-0.000000,-0.000000,1.000000,0.980000,0.600000,0.000000,0.100000,-0.270920
827,1.832425,-1.249967,-2.524979,-0.270926,-0.000000,-0.000000,1.000000,0.980000,0.600000,0.000000,0.100000,-0.270926
828,1.834636,-1.248400,-2.524979,-0.270933,-0.000000,-0.000000,1.000000,0.980000,0.540000,0.000000,0.100000,-0.270933
829,1.836846,-1.246834,-2.524979,-0.270939,-0.000000,-0.000000,1.000000,0.980000,0.540000,0.000000,0.100000,-0.270939
830,1.839057,-1.245267,-2.524979,-0.270945,-0.000000,-0.000000,1.000000,0.980000,0.540000,0.000000,0.100000,-0.270945
831,1.841267,-1.243700,-2.524979,-0.270951,-0.000000,-0.000000,1.000000,0.980000,0.600000,0.000000,0.100000,-0.270951
832,1.843478,-1.242133,-2.524979,-0.270958,-0.000000,-0.000000,1.000000,0.980000,0.600000,0.000000,0.100000,-0.270958
833,1.845688,-1.240566,-2.524979,-0.270964,-0.000000,-0.000000,1.000000,1.000000,0.600000,0.000000,0.100000,-0.270964
834,1.847899,-1.238999,-2.524979,-0.270970,-0.000000,-0.000000,1.000000,1.000000,0.600000,0.000000,0.100000,-0.270970
835,1.850109,-1.237432,-2.524979,-0.270977,-0.000000,-0.000000,1.000000,1.000000,0.560000,0.000000,0.100000,-0.270977
836,1.852320,-1.235865,-2.524979,-0.270983,-0.000000,-0.000000,1.000000,1.000000,0.560000,0.000000,0.100000,-0.270983
837,1.854531,-1.234298,-2.524979,-0.270989,-0.000000,-0.000000,1.000000,1.000000,0.560000,0.000000,0.100000,-0.270989
838,1.856742,-1.232731,-2.524979,-0.270995,-0.000000,-0.000000,1.000000,1.000000,0.560000,0.000000,0.100000,-0.270995
839,1.858953,-1.231164,-2.524979,-0.271002,-0.000000,-0.000000,1.000000,1.000000,0.560000,0.000000,0.100000,-0.271002
840,1.861164,-1.229597,-2.524979,-0.271008,-0.000000,-0.000000,1.000000,1.000000,0.560000,0.000000,0.100000,-0.271008
841,1.863375,-1.228030,-2.524979,-0.271014,-0.000000,-0.000000,0.520000,1.000000,0.560000,0.300000,0.100000,-0.271014
842,1.865586,-1.226463,-2.524979,-0.250020,-0.000000,-0.000000,0.520000,1.000000,0.560000,0.300000,0.100000,-0.250020
843,1.867625,-1.225017,-2.524979,-0.229026,-0.000000,-0.000000,0.520000,1.000000,0.560000,0.300000,0.100000,-0.229026
844,1.869494,-1.223693,-2.524979,-0.208030,-0.000000,-0.000000,0.520000,1.000000,0.580000,0.300000,0.100000,-0.208030
845,1.871191,-1.222490,-2.524979,-0.187034,-0.000000,-0.000000,0.520000,1.000000,0.580000,0.300000,0.100000,-0.187034
846,1.872717,-1.221408,-2.524979,-0.166037,-0.000000,-0.000000,0.520000,1.000000,0.580000,0.300000,0.100000,-0.166037
847,1.874072,-1.220448,-2.524979,-0.145039,-0.000000,-0.000000,0.520000,1.000000,0.580000,0.300000,0.100000,-0.145039
848,1.875255,-1.219609,-2.524979,-0.124041,-0.000000,-0.000000,0.520000,1.000000,0.580000,0.300000,0.100000,-0.124041
849,1.876267,-1.218892,-2.524979,-0.103042,-0.000000,-0.000000,0.520000,1.000000,0.580000,0.300000,0.100000,-0.103042
850,1.877108,-1.218296,-2.524979,-0.082043,-0.000000,-0.000000,0.540000,1.000000,0.580000,0.300000,0.100000,-0.082043
851,1.877777,-1.217821,-2.524979,-0.061044,-0.000000,-0.000000,0.540000,1.000000,0.580000,0.300000,0.100000,-0.061044
852,1.878275,-1.217468,-2.524979,-0.040044,-0.000000,-0.000000,0.540000,1.000000,0.580000,0.300000,0.100000,-0.040044
853,1.878602,-1.217237,-2.524979,-0.019044,-0.000000,-0.000000,0.540000,1.000000,0.580000,0.300000,0.100000,-0.019044
854,1.878757,-1.217127,-2.524979,0.001956,-0.000000,-0.000000,0.540000,1.000000,0.580000,0.300000,0.100000,0.001956
855,1.878741,-1.217138,-2.524979,0.022956,-0.000000,-0.000000,0.540000,1.000000,0.580000,0.300000,0.100000,0.022956
856,1.878554,-1.217271,-2.524979,0.043657,0.002975,0.127252,0.540000,1.000000,0.580000,0.300000,0.100000,0.043657
857,1.878215,-1.217548,-2.523706,0.064819,0.002300,0.013458,0.540000,1.000000,0.580000,0.300000,0.100000,0.064819
858,1.877700,-1.217942,-2.523572,0.085640,0.003100,0.137168,0.540000,1.000000,0.580000,0.300000,0.100000,0.085640
859,1.877020,-1.218463,-2.522200,0.106589,0.004093,0.132596,0.540000,1.000000,0.580000,0.300000,0.100000,0.106589
860,1.876176,-1.219115,-2.520874,0.127514,0.004833,0.161973,1.000000,1.000000,0.580000,0.000000,0.100000,0.127514
861,1.875166,-1.219896,-2.519254,0.127442,0.005546,0.188734,0.520000,1.000000,0.580000,0.300000,0.100000,0.127442
862,1.874163,-1.220684,-2.517367,0.148409,0.005913,0.197956,0.520000,1.000000,0.580000,0.300000,0.100000,0.148409
863,1.872994,-1.221600,-2.515387,0.169352,0.006429,0.219516,0.520000,1.000000,0.560000,0.300000,0.100000,0.169352
864,1.871659,-1.222644,-2.513192,0.190287,0.006979,0.243890,1.000000,1.000000,0.560000,0.000000,0.100000,0.190287
865,1.870161,-1.223819,-2.510753,0.190220,0.007517,0.269146,1.000000,1.000000,0.560000,0.000000,0.100000,0.190220
866,1.868669,-1.225002,-2.508062,0.190176,0.007855,0.283065,1.000000,0.980000,0.560000,0.000000,0.100000,0.190176
867,1.867183,-1.226191,-2.505231,0.190147,0.008070,0.290800,1.000000,0.980000,0.560000,0.000000,0.100000,0.190147
868,1.865702,-1.227386,-2.502323,0.190126,0.008206,0.295141,1.000000,0.980000,0.560000,0.000000,0.100000,0.190126
869,1.864225,-1.228586,-2.499372,0.190110,0.008293,0.297603,1.000000,0.980000,0.560000,0.000000,0.100000,0.190110
870,1.862752,-1.229791,-2.496396,0.190096,0.008348,0.299015,1.000000,0.960000,0.560000,-0.100000,0.000000,0.190096
871,1.861283,-1.231001,-2.493406,0.183118,0.005364,0.170668,1.000000,0.960000,0.560000,-0.100000,0.000000,0.183118
872,1.859856,-1.232150,-2.491699,0.176125,0.003377,0.094457,1.000000,0.960000,0.560000,-0.100000,0.000000,0.176125
873,1.858474,-1.233242,-2.490754,0.169125,0.002088,0.051063,1.000000,0.960000,0.540000,-0.100000,0.000000,0.169125
874,1.857141,-1.234283,-2.490244,0.162124,0.001266,0.027082,1.000000,0.960000,0.540000,-0.100000,0.000000,0.162124
875,1.855860,-1.235276,-2.489973,0.155122,0.000751,0.014131,1.000000,0.960000,0.540000,-0.100000,0.000000,0.155122
876,1.854631,-1.236223,-2.489832,0.148120,0.000434,0.007262,1.000000,0.960000,0.540000,-0.100000,0.000000,0.148120
877,1.853456,-1.237125,-2.489759,0.141118,0.000243,0.003675,1.000000,0.960000,0.540000,-0.100000,0.000000,0.141118
878,1.852336,-1.237983,-2.489722,0.134116,0.000132,0.001827,1.000000,0.940000,0.540000,-0.100000,0.000000,0.134116
879,1.851270,-1.238798,-2.489704,0.127115,0.000068,0.000887,1.000000,0.940000,0.540000,-0.100000,0.000000,0.127115
880,1.850260,-1.239570,-2.489695,0.120113,0.000034,0.000417,1.000000,0.940000,0.540000,-0.100000,0.000000,0.120113
881,1.849305,-1.240299,-2.489691,0.113112,0.000016,0.000188,1.000000,0.940000,0.540000,-0.100000,0.000000,0.113112
882,1.848406,-1.240985,-2.489689,0.106111,0.000007,0.000080,1.000000,0.940000,0.540000,-0.100000,0.000000,0.106111
883,1.847563,-1.241629,-2.489688,0.099110,0.000003,0.000031,1.000000,0.940000,0.540000,-0.100000,0.000000,0.099110
884,1.846775,-1.242230,-2.489688,0.092109,0.000001,0.000011,1.000000,0.940000,0.540000,-0.100000,0.000000,0.092109
885,1.846043,-1.242789,-2.489688,0.085109,0.000000,0.000003,1.000000,0.940000,0.540000,-0.100000,0.000000,0.085109
886,1.845366,-1.243305,-2.489688,0.078108,0.000000,0.000001,1.000000,0.940000,0.540000,-0.100000,0.000000,0.078108
887,1.844745,-1.243779,-2.489688,0.071107,0.000000,0.000000,1.000000,0.940000,0.540000,-0.100000,0.000000,0.071107
888,1.844180,-1.244211,-2.489688,0.064107,0.000000,0.000000,1.000000,0.940000,0.540000,-0.100000,0.000000,0.064107
889,1.843671,-1.244599,-2.489688,0.057107,0.000000,0.000000,1.000000,0.940000,0.540000,-0.100000,0.000000,0.057107
890,1.843217,-1.244946,-2.489688,0.050106,-0.000000,-0.000000,1.000000,0.940000,0.540000,-0.100000,0.000000,0.050106
891,1.842818,-1.245250,-2.489688,0.043106,0.000000,0.000000,1.000000,0.940000,0.540000,-0.100000,0.000000,0.043106
892,1.842476,-1.245511,-2.489688,0.036106,-0.000000,-0.000000,1.000000,0.940000,0.540000,-0.100000,0.000000,0.036106
893,1.842189,-1.245731,-2.489688,0.029106,0.000000,0.000000,1.000000,0.940000,0.540000,-0.100000,0.000000,0.029106
894,1.841957,-1.245907,-2.489688,0.022106,-0.000000,-0.000000,1.000000,0.940000,0.540000,-0.100000,0.000000,0.022106
895,1.841782,-1.246041,-2.489688,0.015106,0.000000,0.000000,1.000000,0.940000,0.540000,-0.100000,0.000000,0.015106
896,1.841661,-1.246133,-2.489688,0.008106,-0.000000,0.000000,1.000000,0.940000,0.540000,-0.100000,0.000000,0.008106
897,1.841597,-1.246182,-2.489688,0.001106,-0.000000,0.000000,1.000000,0.940000,0.540000,-0.100000,0.000000,0.001106
898,1.841588,-1.246189,-2.489688,-0.005894,-0.000000,0.000000,1.000000,0.940000,0.540000,-0.100000,0.000000,-0.005894
899,1.841635,-1.246153,-2.489688,-0.012894,-0.000000,0.000000,1.000000,0.940000,0.540000,-0.100000,0.000000,-0.012894
900,1.841738,-1.246075,-2.489688,-0.019894,-0.000000,0.000000,1.000000,0.940000,0.540000,-0.100000,0.000000,-0.019894
901,1.841896,-1.245954,-2.489688,-0.026894,-0.000000,0.000000,1.000000,0.940000,0.540000,-0.100000,0.000000,-0.026894
902,1.842110,-1.245791,-2.489688,-0.033894,-0.000000,0.000000,1.000000,0.940000,0.540000,-0.100000,0.000000,-0.033894
903,1.842379,-1.245585,-2.489688,-0.040894,-0.000000,0.000000,1.000000,0.940000,0.540000,-0.100000,0.000000,-0.040894
904,1.842704,-1.245337,-2.489688,-0.047895,-0.000000,0.000000,1.000000,0.940000,0.540000,-0.100000,0.000000,-0.047895
905,1.843085,-1.245047,-2.489688,-0.054895,-0.000000,0.000000,1.000000,0.940000,0.540000,-0.100000,0.000000,-0.054895
906,1.843521,-1.244714,-2.489688,-0.061895,-0.000000,0.000000,1.000000,0.940000,0.540000,-0.100000,0.000000,-0.061895
907,1.844013,-1.244338,-2.489688,-0.068895,-0.000000,0.000000,1.000000,0.940000,0.540000,-0.100000,0.000000,-0.068895
908,1.844561,-1.243920,-2.489688,-0.075896,-0.000000,0.000000,1.000000,0.940000,0.540000,-0.100000,0.000000,-0.075896
909,1.845164,-1.243460,-2.489688,-0.082896,-0.000000,0.000000,1.000000,0.940000,0.540000,-0.100000,0.000000,-0.082896
910,1.845823,-1.242957,-2.489688,-0.089897,-0.000000,0.000000,1.000000,0.940000,0.540000,-0.100000,0.000000,-0.089897
911,1.846538,-1.242411,-2.489688,-0.096898,-0.000000,0.000000,1.000000,0.940000,0.540000,-0.100000,0.000000,-0.096898
912,1.847308,-1.241823,-2.489688,-0.103898,-0.000000,0.000000,1.000000,0.940000,0.540000,-0.100000,0.000000,-0.103898
913,1.848134,-1.241193,-2.489688,-0.110899,-0.000000,0.000000,1.000000,0.940000,0.540000,-0.100000,0.000000,-0.110899
914,1.849015,-1.240520,-2.489688,-0.117900,-0.000000,0.000000,1.000000,0.940000,0.540000,-0.100000,0.000000,-0.117900
915,1.849953,-1.239805,-2.489688,-0.124901,-0.000000,0.000000,1.000000,0.940000,0.540000,-0.100000,0.000000,-0.124901
916,1.850946,-1.239047,-2.489688,-0.131903,-0.000000,0.000000,1.000000,0.940000,0.540000,-0.100000,0.000000,-0.131903
917,1.851994,-1.238247,-2.489688,-0.138904,-0.000000,0.000000,1.000000,0.940000,0.540000,-0.100000,0.000000,-0.138904
918,1.853098,-1.237404,-2.489688,-0.145906,-0.000000,0.000000,1.000000,0.940000,0.540000,-0.100000,0.000000,-0.145906
919,1.854258,-1.236519,-2.489688,-0.152908,-0.000000,0.000000,1.000000,0.960000,0.540000,-0.100000,0.000000,-0.152908
920,1.855474,-1.235591,-2.489688,-0.159910,-0.000000,0.000000,1.000000,0.960000,0.540000,-0.100000,0.000000,-0.159910
921,1.856745,-1.234621,-2.489688,-0.166912,-0.000000,0.000000,1.000000,0.960000,0.540000,-0.100000,0.000000,-0.166912
922,1.858072,-1.233608,-2.489688,-0.173914,-0.000000,0.000000,1.000000,0.960000,0.540000,-0.100000,0.000000,-0.173914
923,1.859454,-1.232553,-2.489688,-0.180917,-0.000000,0.000000,1.000000,0.960000,0.540000,-0.100000,0.000000,-0.180917
924,1.860892,-1.231456,-2.489688,-0.187920,-0.000000,0.000000,1.000000,0.960000,0.560000,-0.100000,0.000000,-0.187920
925,1.862386,-1.230315,-2.489688,-0.194923,-0.000000,0.000000,1.000000,0.960000,0.560000,-0.100000,0.000000,-0.194923
926,1.863936,-1.229133,-2.489688,-0.201926,-0.000000,0.000000,1.000000,0.960000,0.560000,-0.100000,0.000000,-0.201926
927,1.865541,-1.227908,-2.489688,-0.208929,-0.000000,0.000000,1.000000,0.960000,0.560000,-0.100000,0.000000,-0.208929
928,1.867202,-1.226640,-2.489688,-0.215933,-0.000000,0.000000,1.000000,0.960000,0.560000,-0.100000,0.000000,-0.215933
929,1.868918,-1.225330,-2.489688,-0.222937,-0.000000,0.000000,1.000000,0.960000,0.560000,-0.100000,0.000000,-0.222937
930,1.870690,-1.223978,-2.489688,-0.229941,-0.000000,0.000000,1.000000,0.960000,0.560000,-0.100000,0.000000,-0.229941
931,1.872518,-1.222583,-2.489688,-0.236946,-0.000000,0.000000,1.000000,0.960000,0.560000,-0.100000,0.000000,-0.236946
932,1.874402,-1.221145,-2.489688,-0.243951,-0.000000,0.000000,1.000000,0.980000,0.560000,0.000000,0.100000,-0.243951
933,1.876341,-1.219665,-2.489688,-0.243956,-0.000000,0.000000,1.000000,0.980000,0.560000,0.000000,0.100000,-0.243956
934,1.878280,-1.218185,-2.489688,-0.243961,-0.000000,0.000000,1.000000,0.980000,0.560000,0.000000,0.100000,-0.243961
935,1.880220,-1.216705,-2.489688,-0.243966,-0.000000,0.000000,1.000000,0.980000,0.560000,0.000000,0.100000,-0.243966
936,1.882159,-1.215225,-2.489688,-0.243971,-0.000000,0.000000,1.000000,0.980000,0.560000,0.000000,0.100000,-0.243971
937,1.884098,-1.213744,-2.489688,-0.243976,-0.000000,0.000000,1.000000,0.980000,0.560000,0.000000,0.100000,-0.243976
938,1.886038,-1.212264,-2.489688,-0.243981,-0.000000,0.000000,1.000000,0.980000,0.560000,0.000000,0.100000,-0.243981
939,1.887977,-1.210784,-2.489688,-0.243986,-0.000000,0.000000,1.000000,0.980000,0.560000,0.000000,0.100000,-0.243986
940,1.889917,-1.209304,-2.489688,-0.243991,-0.000000,0.000000,1.000000,0.980000,0.580000,0.000000,0.100000,-0.243991
941,1.891856,-1.207823,-2.489688,-0.243996,-0.000000,0.000000,1.000000,0.980000,0.580000,0.000000,0.100000,-0.243996
942,1.893796,-1.206343,-2.489688,-0.244001,-0.000000,0.000000,1.000000,1.000000,0.580000,0.000000,0.100000,-0.244001
943,1.895736,-1.204863,-2.489688,-0.244007,-0.000000,0.000000,1.000000,1.000000,0.580000,0.000000,0.100000,-0.244007
944,1.897675,-1.203382,-2.489688,-0.244012,-0.000000,0.000000,1.000000,1.000000,0.580000,0.000000,0.100000,-0.244012
945,1.899615,-1.201902,-2.489688,-0.244017,-0.000000,0.000000,1.000000,1.000000,0.580000,0.000000,0.100000,-0.244017
946,1.901555,-1.200421,-2.489688,-0.244022,-0.000000,0.000000,1.000000,1.000000,0.580000,0.000000,0.100000,-0.244022
947,1.903495,-1.198941,-2.489688,-0.244027,-0.000000,0.000000,1.000000,1.000000,0.580000,0.000000,0.100000,-0.244027
948,1.905434,-1.197460,-2.489688,-0.244032,-0.000000,0.000000,1.000000,1.000000,0.580000,0.000000,0.100000,-0.244032
949,1.907374,-1.195980,-2.489688,-0.244037,-0.000000,0.000000,1.000000,1.000000,0.580000,0.000000,0.100000,-0.244037
950,1.909314,-1.194499,-2.489688,-0.244042,-0.000000,0.000000,1.000000,1.000000,0.580000,0.000000,0.100000,-0.244042
951,1.911254,-1.193019,-2.489688,-0.244047,-0.000000,0.000000,1.000000,1.000000,0.580000,0.000000,0.100000,-0.244047
952,1.913194,-1.191538,-2.489688,-0.244052,-0.000000,0.000000,1.000000,1.000000,0.580000,0.000000,0.100000,-0.244052
953,1.915134,-1.190057,-2.489688,-0.244057,-0.000000,0.000000,0.560000,1.000000,0.540000,0.300000,0.100000,-0.244057
954,1.917074,-1.188577,-2.489688,-0.223062,-0.000000,0.000000,0.560000,1.000000,0.540000,0.300000,0.100000,-0.223062
955,1.918848,-1.187223,-2.489688,-0.202067,-0.000000,0.000000,1.000000,1.000000,0.540000,0.000000,0.100000,-0.202067
956,1.920454,-1.185997,-2.489688,-0.202070,-0.000000,0.000000,1.000000,1.000000,0.540000,0.000000,0.100000,-0.202070
957,1.922060,-1.184771,-2.489688,-0.202074,-0.000000,0.000000,1.000000,1.000000,0.540000,0.000000,0.100000,-0.202074
958,1.923666,-1.183545,-2.489688,-0.202077,-0.000000,0.000000,0.580000,1.000000,0.540000,0.300000,0.100000,-0.202077
959,1.925273,-1.182319,-2.489688,-0.181081,-0.000000,0.000000,0.580000,1.000000,0.540000,0.300000,0.100000,-0.181081
960,1.926712,-1.181221,-2.489688,-0.160083,-0.000000,0.000000,0.580000,1.000000,0.600000,0.300000,0.100000,-0.160083
961,1.927985,-1.180250,-2.489688,-0.139086,-0.000000,0.000000,0.580000,1.000000,0.560000,0.300000,0.100000,-0.139086
962,1.929090,-1.179406,-2.489688,-0.118087,-0.000000,0.000000,0.580000,1.000000,0.560000,0.300000,0.100000,-0.118087
963,1.930029,-1.178689,-2.489688,-0.097089,-0.000000,0.000000,0.580000,1.000000,0.560000,0.300000,0.100000,-0.097089
964,1.930801,-1.178100,-2.489688,-0.076089,-0.000000,0.000000,0.580000,1.000000,0.560000,0.300000,0.100000,-0.076089
965,1.931406,-1.177639,-2.489688,-0.055090,-0.000000,0.000000,0.580000,1.000000,0.560000,0.300000,0.100000,-0.055090
966,1.931844,-1.177304,-2.489688,-0.034090,-0.000000,0.000000,0.580000,1.000000,0.560000,0.300000,0.100000,-0.034090
967,1.932115,-1.177098,-2.489688,-0.013090,-0.000000,0.000000,0.580000,1.000000,0.560000,0.300000,0.100000,-0.013090
968,1.932219,-1.177018,-2.489688,0.007910,-0.000000,0.000000,0.580000,1.000000,0.560000,0.300000,0.100000,0.007910
969,1.932156,-1.177066,-2.489688,0.028910,-0.000000,0.000000,0.580000,1.000000,0.560000,0.300000,0.100000,0.028910
970,1.931926,-1.177242,-2.489688,0.049611,0.002975,0.127252,0.580000,1.000000,0.560000,0.300000,0.100000,0.049611
971,1.931550,-1.177566,-2.488415,0.070718,0.002722,0.042198,0.580000,1.000000,0.560000,0.300000,0.100000,0.070718
972,1.931005,-1.178018,-2.487993,0.091583,0.003406,0.131456,0.580000,1.000000,0.560000,0.300000,0.100000,0.091583
973,1.930298,-1.178602,-2.486679,0.112521,0.004292,0.142646,0.580000,1.000000,0.560000,0.300000,0.100000,0.112521
974,1.929432,-1.179321,-2.485252,0.133448,0.005035,0.169728,0.580000,1.000000,0.560000,0.300000,0.100000,0.133448
975,1.928406,-1.180175,-2.483555,0.154376,0.005740,0.196276,1.000000,1.000000,0.540000,0.000000,0.100000,0.154376
976,1.927219,-1.181165,-2.481592,0.154305,0.006403,0.222667,1.000000,1.000000,0.540000,0.000000,0.100000,0.154305
977,1.926040,-1.182161,-2.479366,0.154265,0.006789,0.234686,1.000000,1.000000,0.540000,0.000000,0.100000,0.154265
978,1.924865,-1.183163,-2.477019,0.154241,0.007012,0.240332,1.000000,1.000000,0.540000,0.000000,0.100000,0.154241
979,1.923694,-1.184170,-2.474615,0.154226,0.007142,0.243076,1.000000,1.000000,0.540000,0.000000,0.100000,0.154226
980,1.922526,-1.185180,-2.472185,0.154216,0.007217,0.244454,1.000000,1.000000,0.540000,0.000000,0.100000,0.154216
981,1.921362,-1.186194,-2.469740,0.154208,0.007260,0.245167,1.000000,1.000000,0.540000,0.000000,0.100000,0.154208
982,1.920200,-1.187210,-2.467288,0.154202,0.007285,0.245545,1.000000,0.980000,0.540000,0.000000,0.100000,0.154202
983,1.919041,-1.188230,-2.464833,0.154197,0.007299,0.245747,1.000000,0.980000,0.480000,0.000000,0.100000,0.154197
984,1.917884,-1.189252,-2.462375,0.154192,0.007308,0.245857,1.000000,0.980000,0.480000,0.000000,0.100000,0.154192
985,1.916731,-1.190278,-2.459917,0.154187,0.007312,0.245915,1.000000,0.980000,0.480000,0.000000,0.100000,0.154187
986,1.915579,-1.191306,-2.457458,0.154183,0.007315,0.245946,1.000000,0.980000,0.480000,0.000000,0.100000,0.154183
987,1.914431,-1.192337,-2.454998,0.154178,0.007316,0.245960,1.000000,0.960000,0.480000,-0.100000,0.000000,0.154178
988,1.913285,-1.193371,-2.452539,0.147194,0.004308,0.117260,1.000000,0.960000,0.480000,-0.100000,0.000000,0.147194
989,1.912176,-1.194340,-2.451366,0.140198,0.002427,0.053508,1.000000,0.960000,0.480000,-0.100000,0.000000,0.140198
990,1.911110,-1.195252,-2.450831,0.133197,0.001313,0.023833,1.000000,0.960000,0.480000,-0.100000,0.000000,0.133197
991,1.910092,-1.196111,-2.450593,0.126196,0.000679,0.010472,1.000000,0.960000,0.480000,-0.100000,0.000000,0.126196
992,1.909124,-1.196920,-2.450488,0.119195,0.000334,0.004545,1.000000,0.960000,0.480000,-0.100000,0.000000,0.119195
993,1.908208,-1.197682,-2.450443,0.112194,0.000154,0.001932,1.000000,0.960000,0.480000,-0.100000,0.000000,0.112194
994,1.907344,-1.198399,-2.450423,0.105193,0.000066,0.000790,1.000000,0.960000,0.480000,-0.100000,0.000000,0.105193
995,1.906534,-1.199070,-2.450415,0.098192,0.000026,0.000302,1.000000,0.880000,0.480000,-0.200000,0.000000,0.098192
996,1.905778,-1.199696,-2.450412,0.084191,0.000009,0.000105,1.000000,0.880000,0.480000,-0.200000,0.000000,0.084191
997,1.905129,-1.200233,-2.450411,0.070190,0.000002,0.000025,1.000000,0.880000,0.480000,-0.200000,0.000000,0.070190
998,1.904588,-1.200680,-2.450411,0.056190,0.000000,0.000002,1.000000,0.880000,0.480000,-0.200000,0.000000,0.056190
999,1.904155,-1.201038,-2.450411,0.042189,-0.000000,-0.000000,1.000000,0.880000,0.480000,-0.300000,0.000000,0.042189
